3.931525441272378657e-02
5.310162951431636469e-02
5.704998411412393056e-02
5.388904135125828498e-02
6.273913496567737336e-02
3.992220997206485239e-02
6.492869765843570229e-02
5.120759274666879940e-02
6.767439825946074128e-02
5.396066200356862408e-02
5.990932253273006242e-02
6.172550148346961363e-02
4.787527170947247779e-02
5.037602925918811120e-02
8.216010842591553454e-02
5.485022478965406040e-02
5.845372486380197991e-02
6.385414913921727553e-02
7.013124437182292892e-02
6.224652560157990094e-02
3.677205117796435163e-02
3.672890980608167766e-02
4.922389049624101981e-02
7.070968656862652857e-02
5.751065589464662148e-02
6.573601336314331689e-02
8.966163896175891046e-02
7.332893430757592146e-02
7.605153971233453991e-02
1.072844197287831924e-01
1.178820322391987974e-01
7.747241847036874518e-02
1.281762352871873845e-01
1.185102721042004259e-01
8.428693528789202305e-02
1.107552277458882656e-01
8.723534752245007406e-02
1.089991448596211721e-01
1.064126861797969059e-01
9.152050857332483247e-02
1.091100052947834020e-01
1.111388231544469252e-01
1.526217183641061792e-01
2.015156810361212469e-01
1.501792821732224614e-01
1.322461211819961069e-01
1.309759227431511186e-01
1.067388452888826805e-01
1.140216427692463258e-01
1.291426762555957786e-01
1.147369396810297149e-01
1.195792876891639822e-01
1.226789878400431355e-01
9.435232905787779845e-02
7.292225749606487395e-02
9.151800534806089904e-02
8.414774016030665549e-02
7.047074152910633160e-02
6.518865028797740657e-02
8.504604624073518193e-02
7.618192214720639899e-02
9.489680084806188798e-02
8.312742535458911286e-02
7.230634091436728694e-02
8.076942869020198312e-02
8.791337453017722403e-02
7.522083832269160775e-02
7.210890023788101011e-02
8.600282983750712207e-02
6.520815012753078399e-02
6.804964024683092527e-02
6.845562744015795675e-02
6.238733769976255450e-02
8.214462349392590013e-02
6.930571926855449982e-02
7.656144676695911255e-02
9.604567762234877959e-02
7.281137237640702975e-02
9.363315338460267978e-02
8.316917323278287533e-02
5.707093966856791045e-02
8.918361919771927715e-02
7.592788571633232730e-02
8.350127725251893507e-02
8.500590221578582795e-02
6.476524818159554164e-02
7.396383734954575795e-02
6.194967027375005569e-02
8.003105399546700527e-02
7.362350143731978547e-02
6.916785441070469331e-02
8.544372924268350822e-02
7.701729416647697113e-02
1.012968476158252196e-01
9.287248672124215343e-02
8.435719652136901281e-02
1.077046640100436520e-01
7.905453631402981074e-02
8.987734075311140658e-02
9.216750399110626435e-02
8.370359562091567174e-02
8.602428184822211166e-02
7.755172927667987326e-02
9.117923659688953464e-02
9.176864519087150895e-02
8.663787850271578717e-02
8.041773881405432645e-02
9.868506681136163250e-02
8.490068947847383141e-02
8.553222021434192524e-02
1.022614140503757818e-01
9.135042611152374703e-02
8.346718159088201139e-02
9.744653710851483575e-02
7.690834510861405127e-02
7.471802219609770257e-02
8.967156681323039391e-02
6.099376582244631084e-02
6.698885343550622928e-02
6.707332636548664351e-02
7.803055673952741245e-02
7.225984986464825677e-02
7.670519293408983863e-02
8.281676133651155736e-02
5.860547399127533780e-02
8.246797802008407063e-02
7.768394344049145417e-02
7.682243064440533176e-02
6.076421832707419590e-02
7.247972797266584444e-02
6.561078658317553991e-02
6.582438400603861373e-02
6.444466441388735367e-02
8.914738952766002034e-02
7.434468823540314741e-02
6.249375380487075943e-02
6.152282067239694258e-02
5.541026298856010363e-02
5.108789484843603845e-02
5.723226455674559204e-02
6.667373165812218172e-02
4.715943764430903518e-02
6.554263518795093446e-02
4.523346695545515939e-02
