0.0
0.0
0.0
0.0
0.0
0.01680672268907563
0.0
0.0
0.0
0.0
0.0
0.0
0.0
0.0
0.0
0.0
0.0
0.0
0.0
0.0
0.0
0.0
0.0
0.0
0.0
0.0
0.03361344537815126
0.0
0.0
0.0
0.0
0.0
0.0
0.0
0.0
0.0
0.0
0.0
0.0
0.0
0.0
0.0
0.0
0.01680672268907563
0.01680672268907563
0.0
0.0
0.0
0.0
0.0
0.01680672268907563
0.0
0.0
0.0
0.0
0.0
0.0
0.0
0.0
0.01680672268907563
0.03361344537815126
0.0
0.01680672268907563
0.0
0.0
0.0
0.0
0.0
0.0
0.0
0.0
0.0
0.0
0.0
0.0
0.0
0.0
0.0
0.0
0.0
0.0
0.0
0.0
0.0
0.0
0.0
0.0
0.0
0.0
0.0
0.0
0.0
0.01680672268907563
0.0
0.0
0.01680672268907563
0.03361344537815126
0.0
0.0
0.0
0.0
0.0
0.0
0.0
0.0
0.0
0.0
0.0
0.0
0.0
0.0
0.0
0.0
0.0
0.01680672268907563
0.01680672268907563
0.0
0.0
0.0
0.0
0.0
0.0
0.01680672268907563
0.0
0.0
0.0
0.0
0.0
0.0
0.0
0.0
0.0
0.0
0.0
0.0
0.0
0.0
0.01680672268907563
0.0
0.0
0.0
0.0
0.01680672268907563
0.0
