5.157570774791195589e+01
2.723809791133921632e+00
7.969994525307641631e+00
1.311183601326252024e+01
2.098779083642300924e-01
7.204478722855180983e-01
2.901650766422494954e+01
2.822026569940494500e+00
1.282463603502261407e+01
1.750992059876905316e+00
6.253141014745700232e+01
3.775515831127327498e-02
2.126067463083427742e-02
7.039371135700416005e-02
1.044676963680512827e-01
9.490255010452082474e-02
4.673840525478178409e-01
3.864774512906143933e-01
3.793806168201915852e-01
1.282574335047420577e+00
5.575226567592251811e-03
7.086334847383053692e-02
4.420903389919993154e-02
2.133062121537370598e-02
9.723381931532937283e-03
9.177116477428445829e-02
6.615247289234606198e-02
1.222412470598198408e-01
3.669125625963162163e-01
3.699018175751822013e-01
3.707933914142057530e-01
2.697842197934937312e-03
7.069564551276373565e-02
3.264693007761079735e-02
1.647197880111521753e-02
1.352396406373568977e-02
8.373462126188858934e-02
6.873648135929978642e-02
1.579142749798393697e-01
3.385989345360386205e-01
3.193160151100683519e-01
5.083141112693160268e-01
2.079290061941156762e-03
5.228113632184813730e-02
1.294950357215381154e-02
7.315495648858766180e-03
9.685067809704208525e-03
4.909360442041259265e-02
6.141013030640016246e-02
1.683505607432223272e-01
1.810535536659517997e-01
1.823482351259413659e-01
5.031225321393526517e-01
1.174812775896398034e-03
2.252192321159259686e-02
1.286322193533134123e-02
7.093724928693508416e-03
7.264422306315370184e-03
4.674725255488827030e-02
4.925799060334526414e-02
1.093482045330851082e-01
1.662385861596226422e-01
1.553213840582010619e-01
3.179613446458474657e-01
1.015529076725595970e-03
2.169296747901249336e-02
1.191991373608560813e-02
6.540518257081269840e-03
6.865255623424592994e-03
5.141826640087623218e-02
5.153817693553685436e-02
9.173776576774694824e-02
1.767835537662086620e-01
1.554442170021827496e-01
2.635016748730407699e-01
9.625322360868614245e-04
2.010790177253020394e-02
1.550145109738884468e-02
8.894831155621814658e-03
8.491091224974817511e-03
5.050548641943215095e-02
6.787522704304009558e-02
1.105535206374067825e-01
1.908373082663669396e-01
2.377566108649299959e-01
3.337420388245118108e-01
1.190173620975497251e-03
2.634758848028944528e-02
1.457805440425489346e-02
8.533702777472135931e-03
7.996159071109289543e-03
5.031421981940920052e-02
6.827448135318399391e-02
1.056716420389021832e-01
1.942299275265325642e-01
2.341520317681127505e-01
3.164910166418208881e-01
1.148099533970229876e-03
2.512740303861918031e-02
1.412770779954285010e-02
7.792361572913030637e-03
7.254055689721844447e-03
4.980626857325030910e-02
6.513949588864179074e-02
1.053721481332406534e-01
1.840120269677445186e-01
2.128971201751880260e-01
3.038245164807423793e-01
1.088000153189602054e-03
2.391549498932081866e-02
1.846333162559991511e-02
9.313489921662891288e-03
6.956909976887184696e-03
5.936891842287094628e-02
5.815746057420349835e-02
9.710383664616387134e-02
2.291449416364719771e-01
2.143514852868405318e-01
2.749385952215128159e-01
1.250943333876444090e-03
3.022728266488331969e-02
1.212275225794465575e-02
6.842863865380850556e-03
1.361919223226274768e-02
4.953307040873001360e-02
5.496099297061782241e-02
1.434623677328301095e-01
1.749237175810898215e-01
1.649643368939807675e-01
4.603191385141023328e-01
1.397424824106968839e-03
2.194899792119306067e-02
1.333546428215848928e-02
7.381560539841392626e-03
7.636074702145634677e-03
4.993436896075142961e-02
5.336750665208826738e-02
9.265032514840577937e-02
1.866433948857018910e-01
1.723932771797231644e-01
2.731300795685476790e-01
1.058997624619227975e-03
2.264018280787693030e-02
1.505241248981856184e-02
8.435337224095928663e-03
7.482531042163573579e-03
4.798038190120597346e-02
5.621949411947376601e-02
9.124043544733526079e-02
1.835511077732475127e-01
1.973832887039242423e-01
2.707233192665345900e-01
1.134532076673421897e-03
2.550810803529255169e-02
1.510333070726604943e-02
7.915752523709145352e-03
7.096769589416080347e-03
4.504041740094031493e-02
4.829703945656568798e-02
9.025678396400439729e-02
1.676363725537654281e-01
1.658504370101347158e-01
2.622362636213761977e-01
1.117513981213864816e-03
2.516573837857273219e-02
6.321579353265404690e-03
6.457730124830337974e-03
5.506628739749730612e-03
6.788151874570387545e-02
4.134156850385527215e-02
1.272305996452867682e-01
1.641739718078671362e-01
7.509176890624724710e-02
2.571593181914712534e-01
5.035265785064585746e-04
9.129594582601117947e-03
9.547505353160231495e-03
5.950778456443965407e-03
9.779208278062856766e-03
3.644051915548299214e-02
5.007472233965926112e-02
1.087299135160495478e-01
1.282446921306773513e-01
1.466204147456248164e-01
3.420099590496379349e-01
1.047979581689662248e-03
1.741222257989700692e-02
1.162794668306213128e-02
6.599766465162602846e-03
6.016333922398179983e-03
3.580522771075334010e-02
5.055722158853968862e-02
1.076046213027924275e-01
1.297352227014235138e-01
1.537217436843622553e-01
2.936725927208578835e-01
9.133231363973893244e-04
1.987126857454462464e-02
2.639996538921432143e-02
1.390607599493069724e-02
8.638376388288543373e-03
5.359520882042748818e-02
6.585299578219915018e-02
1.152239074592289469e-01
2.320683277766505126e-01
2.691225765036276418e-01
3.316880115240000149e-01
1.753399888277887330e-03
4.387022559523422183e-02
2.623023324302526521e-02
1.410250922421535727e-02
1.432842680669261029e-02
5.007162474476104658e-02
6.047191630473536250e-02
1.431529095364129922e-01
2.188227440037053551e-01
2.404918793506551355e-01
4.432087738693079593e-01
1.895345656122268815e-03
4.387253882947152878e-02
1.026013260661803178e-02
5.894054424841518001e-03
1.081520133380367045e-02
4.098413287612164696e-02
5.308961165263767490e-02
1.509421826495411234e-01
1.418907785480099382e-01
1.442080633187350358e-01
4.593467338315657122e-01
1.163010173089663608e-03
1.860798422276403741e-02
1.401425786595661416e-02
7.431616671953603266e-03
1.187689319503692185e-02
3.844514859366862658e-02
5.048965790774866125e-02
1.334695044028555710e-01
1.516606576326184619e-01
1.569759268553802545e-01
4.031956320382557579e-01
1.324426582214251929e-03
2.443349568042631204e-02
1.679516098064788576e-02
9.872515382595438080e-03
9.175043991894813594e-03
4.377035843496192291e-02
6.970786313885535268e-02
1.043972813637576991e-01
1.824934807628549593e-01
2.502885725931036642e-01
3.169465319160154615e-01
1.303746263602648114e-03
2.912794970205647913e-02
3.925179281761697059e-01
2.453290076548758358e-01
7.071823368556884315e-02
4.279668310213439741e-01
1.713345703196332559e-01
1.200403986463981915e-01
9.839597335942967815e-01
1.353438749618623982e+00
7.719768174358672130e-01
2.412466301609855063e-02
6.905763021476536423e-01
4.014542190510669850e-02
2.085442333667525405e-02
2.179254603950074587e-02
7.783800225048441435e-02
7.546143641679278757e-02
1.661149917169791601e-01
3.444325886160984895e-01
3.424421983518499690e-01
5.261199103428230162e-01
2.665928176314462297e-03
6.559769433258855198e-02
1.187771603834718651e-02
7.162689820290221894e-03
8.517824087819434245e-03
3.275098934333653400e-02
3.843087536298870482e-02
7.823853263656344037e-02
1.203119469297452421e-01
1.254890475332994804e-01
2.429989628087764197e-01
1.039626590494661940e-03
2.071251119195506585e-02
1.143683824054970120e-02
6.613575588517352916e-03
8.032199787344197067e-03
4.006741367614826549e-02
4.668758495946999376e-02
8.996945985830206993e-02
1.452623672207129513e-01
1.457381220220640428e-01
2.727776571764194968e-01
9.922538951453031657e-04
1.971786246742299187e-02
1.668903110092511549e-02
8.940521094911026839e-03
7.882890046482883550e-03
5.158601036838058457e-02
5.927982483906791417e-02
9.046910281946778098e-02
2.107250851013578730e-01
2.137584989724381490e-01
2.667511459966674381e-01
1.190010971153186541e-03
2.788119125184797265e-02
1.716686517080804122e-02
1.044358464935860910e-02
8.910843792839061653e-03
4.733450343525544279e-02
7.697803645123647842e-02
1.101429034635277721e-01
1.998333486221274546e-01
2.728654774345747880e-01
3.261642357620708199e-01
1.297919827148139504e-03
3.006893229963608638e-02
2.125770843182228989e-02
1.138014159476128002e-02
9.431841690178589463e-03
6.167165181209503799e-02
7.640119046932823677e-02
1.418948761931067004e-01
2.546747445127998111e-01
2.820619448909288396e-01
4.179874647812077959e-01
1.460214017038486117e-03
3.535880168131261964e-02
1.655661992480216005e-02
1.031986986255579476e-02
1.173325876680453642e-02
4.442366533444185722e-02
7.580010427551758800e-02
1.490653995446725166e-01
1.784600739318984441e-01
2.571464727749342427e-01
4.546346337335495091e-01
1.398010537114393638e-03
2.928582040750389581e-02
9.506533424700412682e-02
4.719377056554220629e-02
2.090678088126382908e-02
1.769943457470050940e-01
7.852629447199661883e-02
1.034292112312212020e-01
6.471321007370804956e-01
5.949983623508008357e-01
3.919757503669785703e-01
5.686676786446402676e-03
1.531660505551452611e-01
2.683248229296567727e-02
1.426254641723266776e-02
1.194686749401979373e-02
6.626135541641309246e-02
6.560814977228685008e-02
1.286564211031545057e-01
2.972952608349748727e-01
2.691163263041744802e-01
3.972282347496941535e-01
1.760335411142483581e-03
4.442218904873466989e-02
1.245768215577830289e-02
7.204725122212979685e-03
7.179513829728518745e-03
4.287318884443191286e-02
5.301719958292602786e-02
9.254515262556101129e-02
1.659460214249600107e-01
1.562228707629150226e-01
2.579651660655394863e-01
9.902908747907177359e-04
2.163279185907172192e-02
3.488767151900562524e-02
1.356390583647155805e-02
9.883232836205730135e-03
8.725712239823177341e-02
4.127177966142404897e-02
6.723732375307470144e-02
3.346937867539572786e-01
1.913570275767230711e-01
2.093093082256726467e-01
2.001401417159135668e-03
5.309117647404616724e-02
1.112382144341092505e-02
6.355514655006575496e-03
5.095327324970706784e-03
3.744689417926976016e-02
3.542663037570916579e-02
4.535822251641848102e-02
1.325609338930089087e-01
1.072607326078937745e-01
1.147328883475785960e-01
8.220915402422927960e-04
1.877305675476853217e-02
1.013858129580534270e-02
5.884995824372008660e-03
5.171841904595434955e-03
3.290428313669468280e-02
3.187994341558023081e-02
5.129067555265198752e-02
1.152867628147532381e-01
9.242033439613138446e-02
1.334402200898808233e-01
7.716876868850932507e-04
1.712705420740840562e-02
1.135338188386649308e-02
6.286650276604066438e-03
5.367043940952818427e-03
3.238519127165072342e-02
3.192471039212406436e-02
4.850756491184463060e-02
1.188720525165140041e-01
9.564754408066210301e-02
1.269016527958923835e-01
8.402825227830537473e-04
1.909931166910920630e-02
2.013406144428236608e-02
1.019056580748830057e-02
6.604178162758741859e-03
4.126594067039439373e-02
3.364114871120332112e-02
4.985058831589925243e-02
1.625788531826361516e-01
1.332151585422028939e-01
1.373796882739540814e-01
1.319779898107145385e-03
3.290831980150304287e-02
8.045605295382805833e-03
4.948937490707500282e-03
4.449902389037188252e-03
2.777775537942315728e-02
2.780431320838712764e-02
3.978341612196165805e-02
9.011116941715742457e-02
7.477980892893397458e-02
9.945318770872339786e-02
6.282691465170527068e-04
1.348891192099407194e-02
9.998285158064624742e-03
5.986956111397057252e-03
4.723591637351719219e-03
2.871915794843568973e-02
3.359186346537847839e-02
3.993135624409954038e-02
9.821662774245863703e-02
9.745226820258995337e-02
9.484791158677638445e-02
7.448847885639354148e-04
1.696789858350974955e-02
7.822259403274979192e-03
5.038659664774341497e-03
4.482011720372977570e-03
2.783845354143596462e-02
2.795677693546593304e-02
3.710918605655949554e-02
8.654149165016647438e-02
7.188800675469880774e-02
8.872482316820005932e-02
6.110666169297415120e-04
1.299108285524761854e-02
1.234168929448993188e-02
6.885479254508633691e-03
5.060333227844385912e-03
3.306158536038505263e-02
3.245515299577880763e-02
4.045397960047412977e-02
1.247452402492418982e-01
1.036518357038969662e-01
1.015038734658388203e-01
8.838007234166952693e-04
2.087500698092619247e-02
8.970754905682627039e-03
5.317148641396996119e-03
4.216033821952514839e-03
2.387195973074481350e-02
2.415541229789939376e-02
3.262643308819606486e-02
8.200327038954578762e-02
6.987523610424140053e-02
7.820728315641767292e-02
6.649398488261661728e-04
1.515968518745906130e-02
1.158387335550943933e-02
6.816976029558269659e-03
5.006629943043813466e-03
2.394267662275555847e-02
2.733474498051193663e-02
3.206113787702118828e-02
8.742387726601048847e-02
8.664516329430656250e-02
7.974124984003015670e-02
8.520055459501811937e-04
1.985690012679713901e-02
8.540243386499554029e-03
5.270062277752552565e-03
4.612147504043776804e-03
2.438900769190098169e-02
2.425536468728725290e-02
3.417802185087920330e-02
7.876241520938553897e-02
6.502740055509385886e-02
8.222560483616221660e-02
6.610112478223232951e-04
1.432924252829121010e-02
1.001183413823922633e-02
5.893317484028604870e-03
4.458854498913981251e-03
2.591922579001216392e-02
2.642101221882902154e-02
3.125554141721271356e-02
9.386824599196925967e-02
8.076511861225871280e-02
7.629727058312273102e-02
7.428480530785936580e-04
1.716824140741821450e-02
7.268995186488259180e-03
4.554140580446860639e-03
4.078080087928374203e-03
2.305662869192645625e-02
2.385640256710185730e-02
2.968073519023391171e-02
7.334759569513814303e-02
6.417469450209130344e-02
7.277966402593212536e-02
5.725015709099967945e-04
1.222130172419514348e-02
1.186891765581140484e-02
6.348448234727233769e-03
5.205714708390213850e-03
2.740437155279415796e-02
2.190080289167397470e-02
3.754883326674275656e-02
1.050903689798770024e-01
7.105779252047865480e-02
1.013469532814589152e-01
8.493610776503806746e-04
1.983792526823042329e-02
8.066477033332275157e-03
5.042303967539584625e-03
4.764013264682849524e-03
2.830464772019028116e-02
2.364259529575241450e-02
3.883103224760695027e-02
9.261859885112996849e-02
6.304962963374190210e-02
1.004840249835405180e-01
6.559341834956064574e-04
1.366712202914372766e-02
1.022939380814411221e-02
6.042459649598153938e-03
5.172391480683717797e-03
2.548011706955487926e-02
2.729016316731810304e-02
4.459850805394063866e-02
8.898021017918314457e-02
8.116707400404023220e-02
1.160366707974696404e-01
7.854659569190392899e-04
1.741589642140385294e-02
2.422922760674866768e-02
1.176979675203467662e-02
6.657698816408104403e-03
4.255999727485356571e-02
3.119373308504249862e-02
4.345223214208927820e-02
1.748771781534300684e-01
1.294303155360234103e-01
1.155216705881379480e-01
1.578345198872066696e-03
3.954645747019793628e-02
1.454924248442558340e-02
7.654293859227951323e-03
6.586214418564158984e-03
3.086824200911288119e-02
2.587794003331286841e-02
4.622239439794324778e-02
1.262980879263469469e-01
8.958842868306143847e-02
1.320716622596636858e-01
1.043263218341521081e-03
2.435498173317676013e-02
1.237542702649319440e-02
6.777074051269949342e-03
5.123164770840583568e-03
3.461740690864823639e-02
3.056282309036853495e-02
4.935806285500522056e-02
1.329240286264087023e-01
9.539504460769351879e-02
1.237641694616153781e-01
8.957444944637320793e-04
2.096961583232788418e-02
1.733317659560248622e-02
8.935724477328254103e-03
7.644547238386632283e-03
4.436722124998045136e-02
3.376290563468569567e-02
5.613608429350794293e-02
1.838666064777433329e-01
1.098635936014510095e-01
1.552416570261345719e-01
1.265515908670096674e-03
2.921197705267750480e-02
1.110377624442995467e-02
6.876503941779047065e-03
5.645812941152405194e-03
2.862116408155063532e-02
3.732001555361241785e-02
5.226302580079392884e-02
1.021399755511391838e-01
1.088869621996663706e-01
1.326290220273911580e-01
8.724340760377707546e-04
1.944523697534756776e-02
1.767714968222398528e-02
9.629325904130996844e-03
6.930341414867671919e-03
3.750063561040617444e-02
3.859010900656033305e-02
5.863173861183215013e-02
1.546450892864945914e-01
1.290820100328875508e-01
1.565316357783603507e-01
1.268317347981498143e-03
3.011991196268568732e-02
1.519709458747191266e-02
8.399376956718804937e-03
7.874787191429571259e-03
3.595716732438830610e-02
3.660148047024961576e-02
6.813940954743667733e-02
1.420999292920995805e-01
1.167444632616571193e-01
1.931630496708005573e-01
1.168419138494288271e-03
2.596686065399279528e-02
1.677884953842165641e-02
9.179316208071794034e-03
7.872979458749896145e-03
4.866838218850835784e-02
4.012784413631651642e-02
7.006620087518564133e-02
1.872986920194215643e-01
1.247818107466680676e-01
1.884246971773135271e-01
1.275608390146034743e-03
2.862013973614485618e-02
9.571833732760602231e+00
5.716253631309584637e-01
9.803986410655645134e-01
2.642374657855508957e+00
1.130987450975956404e-01
9.166175015714113361e-02
6.176430735989552723e+00
6.711561316505207930e-01
1.949113691639242196e+00
3.574334005095717304e-01
1.174230317355750408e+01
1.240544859625251212e-02
7.410482862703546975e-03
8.313506256753191645e-03
4.706162004620242229e-02
3.953370920615460749e-02
7.259340232526825809e-02
1.570171892315734286e-01
1.004954385911678433e-01
1.950219348581844758e-01
1.110228539259816051e-03
2.142954113317916548e-02
1.173146036855281064e-02
7.046252893494368147e-03
7.178992344228642478e-03
4.579740538799837585e-02
4.151197436225241566e-02
6.639821722108547875e-02
1.483549315328508145e-01
1.052373175031088154e-01
1.688241717025263655e-01
9.874386913934947441e-04
1.993580965736131347e-02
1.087076710456859677e-02
6.753092240434018650e-03
7.204038144923363522e-03
4.394728066421487583e-02
3.843203287424749176e-02
8.592803791320893780e-02
1.387692014751679692e-01
9.294556813516947902e-02
2.190409919645632253e-01
9.547018201011138287e-04
1.849283792486290309e-02
1.168843711389860700e-02
6.644667376923697050e-03
7.463265719268479155e-03
3.845881849244595085e-02
3.588667425365892755e-02
7.546111275227115889e-02
1.359264972396622972e-01
9.510647728588826622e-02
2.057588209907711130e-01
1.020814073965338291e-03
2.025017474960733727e-02
2.796356001934883345e-02
1.269230616421623131e-02
1.072402594002382428e-02
5.162194888736828385e-02
3.897092759678665724e-02
8.701507709103795118e-02
2.286539698116330510e-01
1.389084822040134726e-01
2.519177370066545962e-01
1.892332326617733335e-03
4.559530451115584998e-02
1.775720103030415872e-02
8.853653752974458349e-03
9.184215608599565622e-03
4.364973875150229832e-02
3.450210953110703638e-02
8.114228232274595110e-02
1.743475780192532409e-01
1.057628967252476904e-01
2.301142301264810786e-01
1.371921680427735111e-03
2.989929819639400993e-02
1.767290572192119907e-02
8.815790275062924258e-03
6.487221352743780846e-03
4.272063063832930857e-02
3.603140334330927341e-02
6.659703484965893983e-02
1.705690131779115382e-01
1.128123076487124177e-01
1.655759675724771951e-01
1.254736175417859928e-03
2.959447320878287255e-02
1.171233705374584780e-02
6.553485117467938541e-03
6.390637925469871972e-03
3.669214278292048242e-02
3.331763313462762083e-02
1.030287560366228150e-01
1.255879786239200158e-01
8.394494658437358370e-02
2.576756078292291030e-01
9.470587745046226249e-04
1.984738408978571622e-02
1.181328684547503123e-02
6.905286088525902817e-03
9.286387600694973044e-03
3.131630206574894520e-02
3.473991219374222839e-02
1.017659108622984282e-01
1.077090343714125070e-01
8.900110216076574654e-02
2.868107184003735322e-01
1.165430266503651681e-03
2.105603946368895044e-02
1.226915090897985790e-02
6.804907332066571085e-03
1.098936086370269107e-02
3.349481364565224523e-02
3.306158906112888207e-02
9.716153734682556053e-02
1.195541419107279263e-01
9.050588693379778282e-02
2.912591233785676859e-01
1.289173892450790147e-03
2.205123642152640243e-02
1.035366034156446138e-02
6.120450041068904723e-03
1.065945116427656492e-02
3.045172470295495759e-02
3.052438941670939515e-02
1.161748478845575222e-01
1.009730736907405307e-01
7.751037321363321575e-02
3.472310720841304543e-01
1.210013095308631013e-03
1.907752110304544377e-02
1.478711664075231177e-02
8.045430283641604244e-03
1.060043244854175920e-02
3.120980595691859316e-02
3.347064925640769184e-02
9.958986260353493158e-02
1.177251012612696157e-01
9.731822496813476164e-02
2.929894392488826549e-01
1.361244327037392345e-03
2.597340136744602512e-02
1.272826525742131072e-02
7.127750540639682733e-03
1.327996007793798457e-02
3.721324849028709303e-02
3.046500810017048130e-02
1.178501224950328635e-01
1.246819502162485604e-01
7.578679946379245080e-02
3.483196606938534501e-01
1.507340252680775417e-03
2.347217595155179012e-02
1.545845662619332178e-02
8.230752504844743300e-03
1.291216698570595532e-02
3.148947184990246589e-02
2.825005393323495873e-02
1.002449469067647064e-01
1.194395498677238987e-01
8.419062004270769228e-02
3.082935975099161396e-01
1.530672063353495909e-03
2.737063526460657356e-02
1.202806289064383381e-02
6.814065586439006089e-03
9.167662221373298198e-03
3.402127760766751607e-02
2.775666927130146164e-02
1.038391334419676154e-01
1.150862036014619894e-01
7.136741484990444251e-02
2.975845151148782675e-01
1.172234452180199180e-03
2.111300912480543190e-02
2.295536492453426405e-02
1.176392345816354955e-02
4.729494335350956091e-02
4.229308200977583559e-02
3.493484825462440241e-02
2.277924647053936325e-01
1.455445016163872674e-01
1.078689318581876333e-01
6.697089352755990488e-01
4.192282677366454026e-03
4.924574745627330330e-02
1.173746113995222280e-02
7.127225315386871186e-03
1.959287962671409436e-02
2.522486645501170396e-02
2.662247298262859080e-02
1.171073653648987828e-01
8.256555878377250246e-02
7.173843635745656699e-02
3.734068288513817113e-01
1.904110233162886875e-03
2.423535457983407720e-02
1.411168451630081568e-02
7.448260436590658541e-03
1.544055751206244685e-02
3.185989512895141818e-02
2.811136981720212258e-02
1.400205883442924848e-01
1.111455711918703654e-01
7.452490521451926586e-02
4.228347931019482697e-01
1.694321153139509688e-03
2.608922048453760772e-02
1.963845993026415090e-02
1.032736420087737757e-02
2.560306329555272001e-02
3.350725759110888963e-02
2.915597626236142090e-02
1.614742094730482191e-01
1.239429010197764802e-01
9.008299352113460778e-02
5.152868184064132162e-01
2.566571739385367298e-03
3.722203209637466731e-02
2.058307281103789743e-02
1.019986929972662576e-02
2.019460394247268517e-02
3.419748456947840909e-02
3.084636653183287641e-02
1.351365668444509671e-01
1.333270762123119069e-01
9.542335998909512451e-02
4.133162089061541700e-01
2.210216463874880872e-03
3.684779351453682655e-02
2.004366984010528749e-02
1.067512289830492046e-02
2.879467085255491346e-02
3.283640734031633562e-02
3.002232117211877174e-02
2.016410946152837058e-01
1.216724076633804857e-01
9.692157455905241192e-02
6.455290557017160369e-01
2.792727160029373056e-03
3.881042897648586537e-02
2.831293002324942673e-02
1.310097649129821941e-02
1.009933006143167757e-02
3.414953879421640109e-02
2.611134949428442487e-02
8.895151955758494322e-02
1.455047007033544448e-01
1.039068665480390452e-01
2.631979465106855098e-01
1.903663583167937001e-03
4.594442643524006276e-02
1.336442748805644759e-02
1.001401567409495631e-02
1.356902057924273541e-01
4.567120472049520513e-02
2.877663413775543091e-02
2.390476564090358580e-01
1.173641497227380509e-01
8.352611651529766312e-02
5.577201480515706633e-01
7.429268033863667235e-03
3.847132840124258685e-02
1.722486282116331147e-02
9.210035600033713785e-03
1.574088694550940248e-02
3.059335133299661419e-02
3.004378891110366309e-02
1.155268315109598126e-01
1.165207934152747982e-01
9.640167824820969344e-02
3.701611806712010178e-01
1.759052786982928792e-03
3.048822673902170516e-02
1.913346316902768754e-02
9.977444515737550132e-03
1.106813169254142887e-02
2.526490527676127432e-02
2.643709615258012929e-02
8.669814021767309475e-02
1.037689234651499454e-01
9.272283991685079108e-02
2.679060844434413280e-01
1.521611417563872555e-03
3.238373769382894840e-02
1.920349505510965740e-02
9.726047619743336328e-03
6.965015131194707623e-03
2.443542681718415682e-02
2.633164125335977698e-02
7.329756661575646814e-02
1.005033909737068770e-01
9.790655671263463755e-02
2.063216692081125125e-01
1.325427376796552191e-03
3.182153016922489863e-02
1.443451334251627527e-02
8.501932918008830650e-03
1.597702595618754814e-02
2.227902718873319560e-02
2.781902923997773766e-02
1.031481072045142416e-01
8.138563240430893297e-02
8.621560685294624160e-02
3.408049807113180951e-01
1.686452847199434481e-03
2.667151300085544852e-02
2.322286843610418122e-02
1.294259941104504950e-02
6.885345259055826450e-02
3.482013053479267317e-02
2.743061412659624637e-02
2.413852088621814829e-01
1.073507062282497010e-01
9.526027553487834143e-02
7.186361542298067562e-01
5.525094575282117441e-03
5.523949391584942470e-02
1.968952660841353369e-02
1.141379550872818720e-02
2.358607602101006895e-01
4.516203193040169150e-02
2.848141533284015425e-02
3.881509075608909343e-01
1.140043820050437723e-01
8.776850810613473497e-02
8.354327773307373972e-01
1.165116764028628626e-02
4.612976757771650865e-02
2.303796486510988409e-02
1.112337356256057862e-02
7.577102004247191630e-03
2.665151213119346454e-02
2.457327260469165109e-02
9.292507591474612194e-02
1.027831874775479576e-01
9.368115895516315739e-02
2.544585385231394881e-01
1.605186105913113549e-03
3.797273906893344070e-02
2.054412716686697740e-02
1.025217194756752534e-02
6.077456318361384308e-03
2.420733617881917418e-02
2.459690175169298998e-02
6.447386854364972608e-02
9.540868992119656833e-02
9.567376270342216327e-02
1.675184351808665373e-01
1.402435109645602546e-03
3.404392061216123672e-02
1.684489915853830400e-02
1.226028166231945757e-02
1.615382850459695097e-01
4.362197790036478895e-02
3.035262267225355415e-02
2.570611155696845285e-01
1.131416647202625331e-01
9.542283725980417464e-02
5.921232551671528066e-01
8.815683901078822174e-03
4.624485390857563383e-02
2.025541517532466682e-02
1.100686430427867159e-02
2.065088940140246201e-02
2.647799154193206106e-02
2.829793126484451971e-02
1.285661692590523431e-01
1.040394208886941674e-01
1.000179081081638832e-01
4.286104544160898033e-01
2.163931226261961438e-03
3.615818741473721121e-02
1.628929616327345203e-02
8.780489739830969753e-03
1.330325961726375530e-02
2.470459758878516127e-02
2.581978384475179869e-02
8.884776176556181959e-02
9.496645375409643042e-02
8.324148548306602169e-02
2.833625505493833074e-01
1.551042089391413198e-03
2.846986412824957513e-02
2.547808683173499386e-02
1.312728748303960621e-02
9.799561830172243485e-03
2.889049268627652892e-02
2.847555780988039742e-02
6.945560776093445687e-02
1.203555328099250032e-01
1.188336296401899528e-01
2.109740092576735948e-01
1.742303795546506009e-03
4.203802511640152006e-02
1.780142867717754776e-02
9.685549694119407679e-03
8.675901607527378850e-03
2.484267291683558976e-02
2.769383759385698335e-02
5.952515198438512734e-02
9.914427763964273055e-02
9.793138254532862685e-02
1.763664410531791404e-01
1.329853059018492115e-03
3.007077729854218742e-02
1.637554328879385970e-02
8.767995624557302359e-03
5.771230197761716314e-03
2.305624365090365099e-02
2.659213969568377522e-02
4.596103881414873027e-02
9.073772193961601729e-02
9.548032576793726023e-02
1.197526365183916447e-01
1.143191722856411879e-03
2.752083001862380002e-02
1.486847504900221453e-02
8.509359710769102622e-03
6.088721149295915104e-03
2.004377116957688221e-02
2.505934459601720163e-02
4.184880351442545054e-02
7.783390393461804557e-02
8.785783134924886328e-02
1.130752926396341590e-01
1.084798568072249713e-03
2.546829236248908737e-02
1.092033694064214848e-02
6.017615648315740098e-03
6.133827784222360344e-03
2.301451511817360907e-02
2.255290189380748309e-02
4.960914599661409019e-02
8.138425222312903329e-02
6.454017307855836050e-02
1.365364300057122227e-01
8.715216722944809291e-04
1.841154391621574113e-02
1.691583817105545007e-02
7.950438898859726877e-03
5.656448922307876458e-03
2.706133614653129932e-02
2.147555475632850069e-02
3.754696739128357552e-02
1.024227275735297704e-01
7.826331566862367028e-02
1.011834182789568687e-01
1.124803859667616781e-03
2.732854326798333719e-02
1.580946242697859466e-02
7.823909559753492240e-03
5.897741928311522018e-03
2.592417449901619070e-02
2.320062113734128878e-02
4.096348403116580744e-02
9.705104053076094028e-02
8.194645576346075433e-02
1.116673825133602527e-01
1.089173435808074662e-03
2.588330304109650454e-02
1.693581802674777939e-02
8.027231091937524557e-03
5.766788359788663394e-03
2.688900209596971694e-02
2.183467837879431855e-02
3.907155948288857511e-02
1.027416305552204534e-01
7.897663995608943110e-02
1.056355224844772317e-01
1.128139251170326516e-03
2.741951527610858586e-02
1.150652582273660983e-02
6.123265938420131664e-03
4.829692660111410858e-03
2.432963888108187825e-02
2.258342393928964784e-02
3.119417398759453952e-02
8.367219647527611437e-02
6.774923656607971523e-02
7.474355108845898155e-02
8.361953890239862824e-04
1.914376861844097402e-02
1.356775593075092677e-02
6.990906338329091162e-03
5.332896932701654789e-03
2.387858248830592584e-02
2.352683432199458718e-02
3.589824436050801509e-02
8.866000206509740134e-02
7.687982723632856563e-02
9.278693100170973262e-02
9.629311999706663145e-04
2.252191007130697337e-02
1.093963514981591799e-02
6.175143751438505295e-03
4.884418579660108721e-03
1.720832651789283227e-02
2.392546422513685753e-02
3.123579518285869369e-02
6.408547078152522503e-02
7.520333463516735983e-02
8.100105691962604382e-02
8.086108683813048774e-04
1.859230808622991393e-02
1.281272594830741920e-02
6.731268989733757944e-03
5.767834341698353968e-03
2.363595052496140353e-02
2.139610407436880885e-02
3.344325080066611056e-02
8.566539873196124533e-02
6.739141885266425325e-02
8.995333252137573121e-02
9.393377650155833748e-04
2.130983615726746855e-02
1.124588849264296885e-02
6.228134003377869786e-03
6.080877120417405371e-03
2.464202337013993507e-02
2.348087242967132268e-02
3.735945713028474002e-02
8.477818806815454189e-02
6.580858057790033022e-02
1.000652150755381720e-01
8.878855104777275131e-04
1.885739885434335392e-02
1.621921956043316862e-02
8.084099326027233828e-03
5.670397766060856874e-03
2.662074617016306835e-02
2.501175328323343092e-02
3.270371205599178349e-02
1.009599832513539130e-01
8.690604187023087679e-02
8.412344568758531316e-02
1.122665444679455705e-03
2.676203867335131756e-02
1.193657995594478785e-02
6.728518632813043458e-03
8.647095652056313933e-03
2.360682278762880892e-02
2.436621668938430962e-02
4.362133127508980440e-02
8.355103661447620123e-02
7.217784584147600435e-02
1.313271487671977822e-01
1.065835246054475409e-03
2.052316389335052255e-02
9.546437929086035168e-03
5.666549797980448104e-03
5.529018920018089617e-03
2.315932525756691368e-02
2.247800708977110498e-02
3.409628619725289106e-02
7.459878705522128561e-02
5.957079409337606019e-02
8.852463918908556884e-02
7.802700695846621513e-04
1.603708078061899175e-02
9.182823730075976784e-03
5.263531109442453476e-03
4.888386835420263123e-03
2.385615125370930956e-02
2.157157015191664418e-02
2.861172099676710309e-02
7.678645755411335483e-02
5.898144479624486264e-02
7.296519145860744238e-02
7.266376443072796506e-04
1.536096470841684554e-02
1.431528698072834054e-02
7.307190761724226963e-03
7.166739100302389753e-03
2.951012757727865601e-02
2.332294428146632070e-02
3.791062084126264886e-02
1.053373815933988378e-01
7.428174438827364612e-02
1.084947324318469436e-01
1.083447787320449040e-03
2.372099276248695876e-02
1.789312131081436871e-02
8.375616408882591638e-03
7.130360179500011726e-03
3.508191980270264354e-02
2.327321755895598102e-02
3.733190224158584869e-02
1.255356923374423839e-01
8.188569147637422829e-02
1.063972755725781649e-01
1.221762254490242833e-03
2.876409133627987752e-02
1.126875003798448113e-02
6.103732122527995296e-03
6.516881708013895318e-03
2.636704103981295233e-02
2.236618888989348394e-02
3.756531893042135833e-02
9.145664188555027718e-02
6.337046754048178410e-02
1.050077358433426228e-01
9.220027381406877866e-04
1.898479137756010210e-02
1.764105714747043335e-02
8.115092778710378263e-03
7.395324125750974732e-03
4.290523867438542777e-02
2.462844510890324287e-02
4.387330609144885624e-02
1.450193000165327095e-01
8.389854509480863809e-02
1.257088411100097947e-01
1.233325326680459987e-03
2.827855307439704549e-02
2.085190926287416521e-02
8.844231975451696121e-03
6.879648627693433181e-03
4.913791855203220038e-02
2.585834247699421787e-02
3.966423910342186526e-02
1.677580125933271771e-01
9.481016394165667216e-02
1.110197617184870839e-01
1.344530745947087333e-03
3.265301238949356449e-02
2.076677606686744282e-02
9.012256414544490488e-03
7.592271913705025965e-03
5.472350227505197451e-02
2.552774053323834599e-02
4.533597829916421323e-02
1.909841441954053531e-01
9.244987304397009331e-02
1.298532236274614338e-01
1.374191203181444627e-03
3.277397181311089008e-02
2.382578234291455113e-02
1.020935170912622841e-02
8.118071117224031838e-03
5.031212021262685546e-02
2.591178247269693147e-02
4.698636953007446354e-02
1.824269434212626717e-01
1.030753288226108622e-01
1.385522999193604665e-01
1.512287625342970294e-03
3.726140060481541311e-02
1.422690438039052319e-02
7.348368359803663513e-03
5.509894980799874900e-03
3.797321586641978775e-02
2.931307104900844271e-02
3.670489577271741910e-02
1.343491693509926144e-01
9.873731292361476175e-02
9.595909465457863607e-02
1.019669392065513259e-03
2.361658661839557277e-02
2.474276132786609045e-02
9.180625354002654864e-03
7.408006706564188200e-03
7.219991567590393344e-02
2.523803229633075212e-02
4.209050585556210061e-02
2.297883699539598479e-01
9.641465307513659433e-02
1.222795869576107641e-01
1.517303993371366079e-03
3.752061772573151571e-02
2.424074656756835047e-02
9.915925973835153923e-03
6.844446765247731192e-03
6.664136830440620107e-02
2.812985652223690125e-02
4.203167260358878221e-02
2.148547182179066928e-01
1.103395162498541360e-01
1.170569225885254305e-01
1.512811240622364238e-03
3.743846443233445065e-02
1.335632290067979844e-02
6.364186913612437414e-03
5.757118249389453837e-03
5.466533022743921139e-02
2.615923056770445843e-02
4.290647276697181350e-02
1.722122999608002303e-01
7.575028145206508245e-02
1.118820414033134952e-01
9.750130497384245851e-04
2.160278600794618420e-02
4.809404901143268102e-02
1.823735889585400421e-02
1.132677455784765821e-02
8.494329317918804245e-02
3.160732992318242285e-02
5.686567757642693732e-02
2.976044014749817390e-01
1.602527136274324859e-01
1.791188569606096959e-01
2.721501760432753093e-03
7.232371328542561151e-02
1.864809910189491049e-02
8.420240156052551800e-03
6.205617133516123582e-03
6.204408513645841977e-02
3.248692923086110573e-02
4.316354226857497395e-02
2.077561863197369685e-01
1.149980691943294914e-01
1.155964375593049875e-01
1.239364009677117792e-03
2.968766768722344920e-02
1.711281858367209516e-02
7.906666680671824154e-03
5.670808494899934674e-03
4.577145040055493469e-02
2.830428509459903194e-02
4.170934427786657239e-02
1.654350192419529741e-01
9.940742086737883176e-02
1.093555645123329423e-01
1.154853946820927173e-03
2.763132918150066134e-02
2.255321291828222066e-02
9.650850913440416068e-03
6.976805640372125104e-03
5.818264940084003078e-02
2.894450127474566120e-02
4.712030428391228432e-02
2.100296836058602179e-01
1.132177316993158989e-01
1.332752902805633688e-01
1.425189224395431590e-03
3.534180213517026242e-02
5.795771320320580733e-02
2.279518673919956467e-02
1.441993379135401293e-02
1.094167464024581177e-01
3.767727383253395568e-02
6.201366269744389148e-02
3.686267730747215254e-01
2.154538982502731959e-01
2.098861530081398419e-01
3.180217006297403511e-03
8.642166752827271092e-02
1.764587058912808759e-02
7.921026323991865736e-03
7.009490159528604034e-03
7.075357566646731100e-02
3.721141840013331148e-02
6.252055184280544409e-02
2.350084623903304915e-01
1.189086026044467725e-01
1.706401547718678913e-01
1.228608474631287355e-03
2.820972751543429288e-02
1.223909537757095906e-02
6.207911284086267516e-03
5.892497263884658928e-03
5.310869852281162318e-02
3.458875037092663807e-02
6.188111076158354235e-02
1.779616711071431157e-01
1.008006525016630073e-01
1.666000478264683116e-01
9.147579683689167213e-04
2.009296535171353759e-02
2.074323973365452267e-02
9.147644243353141372e-03
6.485318072805545779e-03
6.615868635642470352e-02
3.396695741661280576e-02
5.132686941589654356e-02
2.243599740824200883e-01
1.239534865034413458e-01
1.375158720077027663e-01
1.352111058454560444e-03
3.281365945787577398e-02
1.834797734315643178e-02
8.750830439975411379e-03
7.713823834366923503e-03
6.358527541831497654e-02
4.109927055890232050e-02
7.453309936972057903e-02
2.242768357712688343e-01
1.417991223630602204e-01
2.129597296289334196e-01
1.273397948737021567e-03
2.960889779707633063e-02
2.768745848458594241e-02
1.267518550522003275e-02
8.619960823154075580e-03
6.407108514874226834e-02
3.966881954159450635e-02
6.146568598874328770e-02
2.454923316011106416e-01
1.721004972943862565e-01
1.811727122336851681e-01
1.727431982376492845e-03
4.378580746648316063e-02
1.566376298476175946e-02
8.294668537795840679e-03
7.607142764755447234e-03
6.076668533002602124e-02
4.760344938636398154e-02
6.517016407750279849e-02
2.169134749690927177e-01
1.544480753355262082e-01
1.846052028186359051e-01
1.168175843125331299e-03
2.607365217493103418e-02
1.823788346806641536e-02
8.780043300131450471e-03
6.909577789209869411e-03
6.360005573945708146e-02
4.374376178794722736e-02
6.191099908351789527e-02
2.181444721482488081e-01
1.526427424666054744e-01
1.704422669160271242e-01
1.244808722384998633e-03
2.942973741314245870e-02
1.225355589212749445e-02
7.105923658223353527e-03
8.030305232279939809e-03
4.386282166628551610e-02
4.286290908996002319e-02
7.223366328145401638e-02
1.519416360691590584e-01
1.281413411336093933e-01
2.117313569258733319e-01
1.038379020907089292e-03
2.094442482885456799e-02
2.555326827883446297e-02
1.257152565631452536e-02
7.846036038177609320e-03
6.795039773762813484e-02
4.783271467073865052e-02
5.970170331139349612e-02
2.565694562794726963e-01
2.022955425847530186e-01
1.695689512720136849e-01
1.644400022407271856e-03
4.119742903416994534e-02
2.160953484094668350e-02
1.111997908918297730e-02
9.669841853003903823e-03
6.889918281493713492e-02
5.112117207433048566e-02
7.681155676393885967e-02
2.582194718211725526e-01
1.945145344992312009e-01
2.313939825113937587e-01
1.503152316918717184e-03
3.533568152921121031e-02
2.805163091947275589e-02
1.363666120921194942e-02
8.346369226272775874e-03
6.698490396934768387e-02
4.577634950643919703e-02
6.284883440407609823e-02
2.502259851030043114e-01
2.020638529944449868e-01
1.810541193644601421e-01
1.785368766850693473e-03
4.499341065194061712e-02
2.619011730265331447e-02
1.416719600635267182e-02
9.263745030142248385e-03
5.891201086124618624e-02
5.180362803896287199e-02
6.251999542760251771e-02
2.360659963839762954e-01
2.283496574539941315e-01
1.874912439950423282e-01
1.724200218717258232e-03
4.320755504866496260e-02
1.664223352453588975e-02
8.960495418413644622e-03
8.263067037944099927e-03
5.672415210416346248e-02
4.664098634270082144e-02
7.026593612689628621e-02
2.053620202886645429e-01
1.602904274000841456e-01
2.057916028044053658e-01
1.234867537546127138e-03
2.772691569838708903e-02
1.853159942981593214e-02
1.033015384582097566e-02
8.176167301125979864e-03
5.095316594731170989e-02
5.018133852762458186e-02
6.793555695657040039e-02
1.952420678113405139e-01
1.854642345626101585e-01
1.975304161334569819e-01
1.318943830776302941e-03
3.108996479209523781e-02
3.231612746631384869e-02
1.509841843493152543e-02
1.029196609229474611e-02
7.046236348668548366e-02
4.261397142503633995e-02
7.422884172286797755e-02
2.693374912932526843e-01
1.985375024792341014e-01
2.283534473855045044e-01
1.970907479972937304e-03
5.088203814193207469e-02
9.984839483856696590e-03
6.097622672205765468e-03
6.902215168025056281e-03
3.989939550033982929e-02
4.314724816618764613e-02
6.475734634998224493e-02
1.306205285104286018e-01
1.188190460288977429e-01
1.847818600108014353e-01
8.905988299224782204e-04
1.715813352696465496e-02
3.163283554291678179e-01
1.297459686035035420e-01
7.483289273365585637e-02
3.356878606758050276e-01
5.919964767902808483e-02
1.095202887339430942e-01
9.152481525206797031e-01
6.832408544485506496e-01
5.865329257420485165e-01
1.600777415729535622e-02
4.769850293648197903e-01
