2.960597015013028965e-01
2.464238729946142126e-01
1.984831110030099710e-01
2.061050059058845974e-01
1.364471626984219421e-01
7.668603381828718868e-02
7.687702049079652156e+00
1.443481764954194269e+01
2.068249169431716794e+01
1.288692654635238632e+00
1.350902211032715128e+00
1.336470431711257456e+00
2.293413542368184007e-03
6.626192941317092522e-02
2.922958009047358918e-01
2.464840221803438758e-01
1.890393883854508961e-01
2.287385628005639826e-01
1.466422123133468980e-01
6.171943517274050550e-02
7.666288232337639563e+00
1.442015393692305381e+01
2.052465935623586191e+01
1.447581382534061989e+00
1.476832150603899274e+00
1.086026448929592769e+00
4.660052000171164763e-03
2.070313962430427382e-02
2.975813575868576089e-01
2.657306348703566967e-01
1.949355139688827010e-01
2.252444830624094063e-01
1.600487214011140635e-01
6.642684775988998147e-02
7.810686880787795161e+00
1.439983856990356692e+01
2.049952435033644704e+01
1.362720374816949631e+00
1.290133978611160304e+00
-1.330571312517699001e+00
4.206990721141380847e-03
3.284575885263614492e-02
2.741275994640433034e-01
2.432543847428464412e-01
1.822073908413743282e-01
2.369307231230073085e-01
1.575688370521232118e-01
6.773814040912189138e-02
7.642294070962027064e+00
1.439097199609206790e+01
2.032064814019980403e+01
1.754017147819365130e+00
1.555934314466015600e+00
1.547779878247772745e+00
5.649006083500069525e-03
-1.492206555188260904e-02
3.067718303208324948e-01
2.613876331603028347e-01
2.049689294294085862e-01
2.521796902073002444e-01
1.675310779272779493e-01
8.873683021625326794e-02
7.692282344710334563e+00
1.426693047171200490e+01
2.041105350038538901e+01
1.535642441261323876e+00
1.556855499900800410e+00
1.731704420765200370e+00
4.593148163197198833e-03
8.750157655514118407e-03
3.015268514856487281e-01
2.665347486302337421e-01
2.023302011310164905e-01
2.160746775436185596e-01
1.518046279488768635e-01
6.833645155473511146e-02
7.732965101843131350e+00
1.438516438817234366e+01
2.062314594271792245e+01
1.233233833205765073e+00
1.130522817349382203e+00
1.327254381816552753e+00
3.625435737114560131e-03
5.243854568092672780e-02
2.852246631343993144e-01
2.547519913219580268e-01
1.959591109985740487e-01
2.266537103142266529e-01
1.525877227338600928e-01
6.965161673429035027e-02
7.709847997704339484e+00
1.444427649681071379e+01
2.049820431963587097e+01
1.589512704185880088e+00
1.236666521010126862e+00
1.448396488589669406e+00
5.007353835839938906e-03
1.410527003136608816e-02
2.774024865495701153e-01
2.403367470372552994e-01
1.995869128605363696e-01
2.196124705656561926e-01
1.406363088713881160e-01
7.102906966983155157e-02
7.710808320488870216e+00
1.435792276486131769e+01
2.071439909791162037e+01
1.498903699391611610e+00
1.233650192835496595e+00
-9.891549781981534561e-01
5.219685440989994471e-03
1.245056324403674350e-02
2.833782781406979367e-01
2.412478012763193402e-01
1.928867049154908697e-01
2.032497423539397774e-01
1.346007538566730000e-01
6.844671008492289599e-02
7.738661007227223720e+00
1.439715045027727136e+01
2.077796402478149673e+01
1.280886172344944063e+00
1.189369699243500111e+00
1.174799440282815466e+00
3.264159719645884968e-03
5.015529438822970837e-02
2.872623031525735060e-01
2.311593402995616997e-01
1.954004451981970480e-01
2.360817891321530526e-01
1.374315760754181437e-01
7.081283268301778733e-02
7.764592034829377987e+00
1.430362016965337801e+01
2.085483804903536154e+01
1.495018451459892761e+00
1.437948427572779408e+00
-1.197978154865652733e+00
5.422207590770999029e-03
2.151884546141376222e-03
2.881466122362447702e-01
2.489458401734271631e-01
1.929874072655315964e-01
2.409307126906631569e-01
1.533117694053150737e-01
6.628816289669374473e-02
7.810002520861631936e+00
1.425874462106311036e+01
2.064555373856724430e+01
1.565050622860897356e+00
1.314732881439011791e+00
1.503019201307365993e+00
5.978405460761817593e-03
-6.490176439699911308e-03
3.110573459217194081e-01
2.467047662426020138e-01
1.474352139646122328e-01
1.575366597933622326e-01
1.585973950698480461e-01
7.067176153497030100e-01
8.052142282670816442e+00
1.425607470840239088e+01
2.353652287412456801e+01
8.105869604756256175e-01
1.352140186583380199e+00
8.458417359100463884e+00
-3.532087736497158820e-02
2.683210090167226225e-01
2.849442631569462092e-01
2.469885532970075293e-01
1.969660784803712594e-01
1.936303960442974648e-01
1.312108865292862803e-01
6.766776589197484593e-02
7.868489684476205781e+00
1.425174457584827259e+01
2.049698902148039537e+01
1.329795296554461492e+00
1.161496499535081828e+00
-1.333165421885013746e+00
2.884360843228613979e-03
6.366739801421415768e-02
2.905332972063511821e-01
2.474107030387952821e-01
1.970423046595111694e-01
2.211753996779874665e-01
1.393641950325256729e-01
6.358202694326305082e-02
7.793104304847705777e+00
1.424761881133387220e+01
2.059164916620662567e+01
1.441672551265881008e+00
1.209914816983015395e+00
-1.244241705402977294e+00
4.826022846566161914e-03
2.642208939401781073e-02
2.751414321875733648e-01
2.282906966544844263e-01
1.980303656272756896e-01
2.315926939768299664e-01
1.331878544333008618e-01
7.629127878798519502e-02
7.756279852794152774e+00
1.426329094220469429e+01
2.063604457624927946e+01
1.825593523943794372e+00
1.466639581562224626e+00
1.616650979022352885e+00
5.788312128587530699e-03
-8.969483300257595146e-03
2.949174554035183804e-01
2.370365375763415494e-01
1.833033375644103069e-01
2.264452969713174613e-01
1.347445186346431234e-01
6.577195064418923931e-02
7.824206071264558027e+00
1.429760430592615528e+01
2.046146295553807093e+01
1.450710868351693827e+00
1.285044789669237852e+00
1.844428642614946767e+00
3.717712149520607887e-03
3.290362146929552700e-02
2.879853264986087513e-01
2.470967371712801952e-01
1.940410889606690170e-01
2.006850792324307575e-01
1.328150295652447965e-01
6.700019992721194251e-02
7.842685504639916871e+00
1.423672380562924111e+01
2.051094191724134674e+01
1.402624622220422612e+00
1.062241102944909255e+00
-1.344167131991895747e+00
2.993503318765200656e-03
5.951009909889548588e-02
2.987810493942986145e-01
2.578154348041332700e-01
1.947426076904639203e-01
2.235219840553149540e-01
1.452242568420812618e-01
5.964690967133849664e-02
7.855203284060283231e+00
1.430230589866000201e+01
2.032520234916908208e+01
1.396223869250322602e+00
1.235028157130142468e+00
1.564959092056218637e+00
4.592992848704091115e-03
3.311473671902406130e-02
2.844451386792057890e-01
2.465558650089550441e-01
2.015087069871455694e-01
2.223732627691273611e-01
1.399130164173056912e-01
7.078631477603912481e-02
7.764834099599127626e+00
1.430317474879130124e+01
2.052584445070733565e+01
1.635324836586540043e+00
1.229701305492092223e+00
-1.441624059805503233e+00
5.130553716982283810e-03
1.656197917608881118e-02
2.970950229643592455e-01
2.611522121044005940e-01
2.163429399962231436e-01
2.238096470339411281e-01
1.512849865442780495e-01
8.352524839814184920e-02
7.845701277725910749e+00
1.431506076516674142e+01
2.035093845586100514e+01
1.477665999390406881e+00
1.382048152054211831e+00
-1.319712105075661279e+00
4.513055167685664157e-03
3.035434948151120166e-02
2.769150355584029666e-01
2.490961374132062978e-01
1.961736010609095859e-01
1.923111416038522370e-01
1.380758650328312298e-01
8.371070547605931333e-02
7.905043069693880931e+00
1.433699513660004499e+01
2.018107000228647507e+01
1.586663968244885536e+00
1.250146606786238790e+00
2.037248579352427313e+00
2.112018893549963416e-03
6.063833217358027827e-02
2.906112194522407766e-01
2.538453754966003006e-01
1.998325067094767482e-01
2.107023201534361512e-01
1.448155942430886800e-01
7.581091795181515991e-02
7.881569223155634241e+00
1.422821906143293802e+01
2.029923213878980093e+01
1.382630216930397005e+00
1.296553135730803552e+00
1.618598515446362685e+00
3.405130269103479653e-03
4.600297552113859906e-02
2.739430867606625353e-01
2.620018317498984950e-01
2.158500598322940223e-01
1.792662323185115203e-01
1.468900867635145879e-01
9.606940342564740387e-02
7.888033951099234997e+00
1.433649324424919946e+01
2.039989473624624239e+01
1.351190829255107362e+00
1.100212618028909795e+00
1.591180579743367796e+00
1.921305551392289788e-03
7.383750375743471095e-02
2.815641869037527334e-01
2.756396165906426221e-01
2.339936842265921690e-01
2.086787494539643628e-01
1.630666903197470485e-01
1.061921072598866062e-01
7.755728818824830562e+00
1.441891560168683029e+01
2.025120673527353077e+01
1.731389274006314816e+00
1.413358530743811903e+00
1.698304907826517551e+00
4.072441509543910966e-03
3.235373145275743934e-02
2.896122482308191581e-01
2.936639417801946150e-01
2.430048633575736250e-01
1.843415537092375489e-01
1.625104191011542409e-01
1.019346137418098985e-01
7.944769736394393433e+00
1.446665109107485847e+01
2.025189657108791863e+01
1.341609157283971898e+00
1.070365154320419787e+00
1.458647400780354264e+00
2.756969888636229445e-03
7.769272992932568789e-02
2.924539994278796962e-01
2.936219769358222598e-01
2.655343922156674363e-01
2.202869161968406819e-01
1.718120383539796514e-01
1.139578676867420287e-01
7.903332132560092482e+00
1.433004886620234331e+01
2.015978032893989536e+01
1.539955251953090798e+00
1.352043387239074468e+00
1.451187314567744080e+00
6.206828545034285237e-03
1.425500558448472566e-02
2.816234194764652421e-01
2.756887396293236647e-01
2.729938516308102470e-01
1.908202300887374969e-01
1.483488112328504582e-01
1.302449730139675632e-01
7.972266231104796930e+00
1.440986507317372478e+01
2.037442135699837920e+01
1.446096737047119829e+00
1.335991948931040785e+00
1.670831980073972600e+00
4.091714395006535929e-03
4.973582304660460751e-02
2.888984847538513812e-01
3.071609458208695020e-01
2.827443953824305689e-01
2.078600650609787048e-01
1.766168368040583192e-01
1.280178014212170756e-01
7.938445177497928107e+00
1.444388612262961402e+01
2.021764539167525143e+01
1.627391570626230299e+00
1.174822302987509337e+00
1.415452369075447692e+00
5.728007003938782697e-03
2.831010423746117138e-02
2.890948707334205503e-01
3.013097952060020401e-01
2.888224851455349906e-01
2.094232985540668834e-01
1.713704881311179928e-01
1.323258062973984850e-01
7.944423326373218686e+00
1.444209348668747772e+01
2.038257037846743103e+01
1.505896435969765523e+00
1.380748002989893530e+00
1.731916486859371940e+00
6.024767286011772742e-03
2.188744211694479760e-02
3.001021985618097521e-01
3.206063529216078845e-01
3.153907669376992962e-01
2.347371470536938898e-01
1.926636836374706896e-01
1.531272323490266152e-01
7.906721722371615080e+00
1.441666425354326009e+01
2.029005431688672090e+01
1.603271713056826142e+00
1.345164090161555359e+00
1.567727430656468579e+00
7.569142719907376825e-03
-4.786878326698281762e-03
3.043990450921978952e-01
3.266814207215270049e-01
3.267308501510542973e-01
2.129391812598159517e-01
1.861901942336512683e-01
1.548817533504652233e-01
8.007862916131303521e+00
1.444758195638381437e+01
2.043776319442532596e+01
1.359058133810503666e+00
1.363242132005471285e+00
1.513649200484922019e+00
6.351981445537690542e-03
3.034485567379580084e-02
3.047047135786208893e-01
3.410656855535306731e-01
3.257695243545767338e-01
1.804025047057445374e-01
1.783009349487754414e-01
1.397993921791082228e-01
8.069560347796132405e+00
1.443587469124771339e+01
2.051663627027257775e+01
1.141198026470279681e+00
1.029232516403488562e+00
1.476124008911103402e+00
4.955267705200098148e-03
7.783499807738759879e-02
3.126618082134172694e-01
3.517963335528179747e-01
3.623178704879167489e-01
2.201780714791020110e-01
1.983573706452647911e-01
1.693389811230376629e-01
8.035455443994264257e+00
1.443992107493206234e+01
2.039046388199674098e+01
1.337081459150783580e+00
1.119620786444913474e+00
1.350846812962912313e+00
8.016740521494531216e-03
2.018280611307763858e-02
3.112376545533899752e-01
3.475429277212611079e-01
3.403746930944449023e-01
2.307940876732317570e-01
1.955390168468072454e-01
1.422694792700541222e-01
8.007316868711930269e+00
1.445984072864613168e+01
2.052144579127907775e+01
1.507323321126357918e+00
1.250794336124532835e+00
1.604257891067468300e+00
9.250110834475244737e-03
-3.006788113033783977e-03
3.225198172000741104e-01
3.667652255857339894e-01
3.431605440175716781e-01
2.413290766340768223e-01
2.204812969464743644e-01
1.631913020421286442e-01
8.114033167003189106e+00
1.450615979217492146e+01
2.051145104674669639e+01
1.484189983231443133e+00
1.280569209962574506e+00
1.867931920033018667e+00
7.897527035889870609e-03
4.980033804403166502e-03
3.437047879921682481e-01
3.933029708119440970e-01
3.885456759758257328e-01
2.729017589028082114e-01
2.371423354950085716e-01
1.782878832455884466e-01
7.941316618965953644e+00
1.453754241562985960e+01
2.038289235797954291e+01
1.598641068537855592e+00
1.289905012132182893e+00
1.395567574572321501e+00
1.084753332892112246e-02
-2.629046805313763405e-02
3.402849017637288309e-01
4.106014956003210536e-01
3.792116889575012362e-01
2.134659362218354062e-01
2.365868282254854349e-01
1.921741584604647335e-01
8.083696261804476535e+00
1.445253684054715215e+01
2.052660319608246198e+01
1.228287903554982297e+00
1.142971069909475057e+00
2.073141732495214384e+00
5.034221654498744446e-03
7.355125434361817205e-02
3.380049190210431820e-01
3.824552156849506668e-01
3.676371710313989238e-01
2.340314516736393402e-01
2.164898611285518137e-01
1.577656421329407255e-01
8.023533351404898539e+00
1.445974829886585056e+01
2.042321483229866530e+01
1.299847811230287808e+00
1.290734551905794891e+00
1.493600519611589794e+00
8.410912582463897849e-03
2.586187537617891732e-02
3.517349120783361816e-01
3.799642971389214363e-01
3.838887664969278246e-01
2.289409074299780245e-01
2.066764405278515015e-01
1.792661458088632420e-01
8.091450165980827336e+00
1.451462456241522503e+01
2.031316602682467476e+01
1.136030052358527387e+00
1.227676858902280399e+00
1.476406824789001204e+00
6.616340140941126893e-03
5.939567475561631504e-02
3.634396266472207926e-01
3.881919747840519297e-01
3.828639361810419750e-01
2.526659060615845664e-01
2.170896672637611102e-01
1.689276811646382437e-01
8.049042358675139397e+00
1.442275953417707690e+01
2.041366171783332817e+01
1.195851149039977690e+00
1.317060615354829434e+00
1.541053440317006862e+00
8.272520303586361132e-03
3.271384350583293743e-02
3.644601042192238682e-01
4.088869478229644194e-01
4.018191650351712885e-01
2.333155255851214194e-01
2.282963473274774446e-01
1.899663527428560594e-01
8.132453103659155857e+00
1.431546807881071892e+01
2.039112415122283650e+01
1.095258916407625183e+00
1.214259425471237996e+00
1.636109168448665052e+00
6.680537454182331782e-03
6.501290062180554996e-02
3.721447910405349391e-01
4.127960105749782782e-01
4.203430407941759483e-01
2.301210653448717003e-01
2.209333682923887987e-01
1.870727988605395686e-01
8.092675925456980224e+00
1.421099173560097917e+01
2.035228036243182004e+01
9.803966168447004748e-01
1.235791846955076601e+00
1.387415097903936134e+00
7.521610900774839022e-03
7.012806715890936016e-02
3.981089636903467621e-01
4.385419420675927826e-01
3.965876929234464221e-01
2.485015482501742312e-01
2.463813381837825223e-01
1.948141613852035769e-01
8.161510553007609303e+00
1.433658133525663558e+01
2.038042164328114936e+01
8.985875178843603095e-01
1.077986706374688408e+00
2.160697815428836321e+00
4.617961028271039443e-03
9.872441338864162974e-02
4.245000312129273978e-01
4.584288412666753798e-01
4.257324091016194689e-01
2.966434642147762202e-01
2.665625519334842708e-01
1.785455410022146194e-01
8.084812627707302468e+00
1.433416176565554245e+01
2.010660485969866329e+01
9.425062433448087029e-01
1.396464269586150220e+00
1.507378856140198620e+00
9.833897495774006348e-03
3.291039221548571619e-02
4.304549394941947216e-01
4.746741095974975067e-01
4.215912973923277018e-01
2.634555523681320621e-01
2.605276870258536603e-01
1.859139479546069451e-01
8.098103207832137329e+00
1.441066604819570962e+01
2.011991174567351237e+01
8.182024014106958898e-01
1.137057153478153948e+00
1.905952260107818486e+00
5.845158004161835411e-03
1.069189795175988639e-01
4.341638727596902614e-01
5.046534872386830850e-01
4.525088958356316970e-01
2.812696547938731140e-01
3.016809440625987659e-01
2.251355482608866920e-01
8.104465596269461614e+00
1.436972825423152500e+01
2.014324567352441520e+01
8.930131435853744248e-01
1.206449975933894248e+00
1.838112856934271289e+00
6.332305577905467282e-03
8.565909052610096164e-02
4.240000233013830333e-01
4.679311027615425389e-01
4.492336746138230752e-01
2.889296996573569309e-01
2.805478360101264501e-01
2.356921690738414954e-01
8.093161711216895426e+00
1.429744523486447427e+01
2.009676247769645840e+01
1.024922469972987749e+00
1.409959411915803207e+00
1.891781982150323227e+00
6.682332723708717982e-03
6.149943977443490112e-02
4.369052868405611245e-01
4.752495279579746490e-01
4.408887311713836077e-01
2.850933280169686279e-01
2.738798642835491015e-01
2.145069372190166468e-01
8.109695711617602498e+00
1.413349505296751296e+01
1.999682462801864702e+01
9.054952788157428767e-01
1.164417066318488292e+00
1.820446143544879103e+00
6.504017008754419890e-03
8.428561389385424985e-02
4.285854464434750155e-01
4.743681004466770990e-01
4.379213955449184348e-01
2.852472370512784128e-01
2.756939957364867300e-01
2.017110613734537927e-01
8.133074794761238735e+00
1.424295948697059799e+01
2.007933401505969329e+01
9.987840368511581302e-01
1.271248124234110044e+00
1.671673755868622768e+00
7.844994854819096683e-03
6.422063974763883576e-02
4.617619919013847829e-01
4.837761549193637656e-01
4.448995367741871432e-01
3.168499910277399190e-01
2.932656889671907408e-01
2.225361010738010348e-01
8.142949329882974041e+00
1.428897900463619841e+01
1.999725486435754007e+01
9.526169033791661578e-01
1.326025527446429209e+00
1.528084521908114279e+00
6.502680865310301976e-03
7.527948866412031981e-02
4.231764708901207261e-01
4.652847986224729615e-01
4.048411874979708225e-01
2.669566171174965752e-01
2.703645226358553644e-01
1.886864161279814822e-01
8.085695275889637657e+00
1.413350447948288746e+01
2.002981029766244703e+01
9.218190408076942788e-01
1.258179251594935044e+00
1.840418341011116565e+00
5.205228597853802167e-03
9.853999356661903575e-02
4.432898221693875040e-01
4.601417134026652422e-01
4.138449681540271041e-01
3.045508472252870247e-01
2.734557811637364777e-01
1.985155925709873037e-01
8.069264495975478013e+00
1.416181748729128209e+01
1.997590658478302927e+01
1.063234618854990154e+00
1.349433018053647126e+00
1.746230807047956191e+00
6.481337568939490347e-03
6.947165608290428729e-02
4.520554536191719319e-01
4.451172496627215369e-01
3.837423339960022162e-01
3.005547154058940684e-01
2.608797835949163146e-01
1.908347996114396483e-01
8.066957800388145472e+00
1.410436000119613098e+01
2.003645693067616307e+01
8.626981859910474171e-01
1.251407978374943664e+00
2.042709919735941071e+00
3.750009802044071677e-03
1.051023065206252716e-01
4.173088243437012013e-01
4.295270121200358560e-01
3.714836859142307546e-01
2.906191226306247821e-01
2.619999959949266266e-01
1.788897831886589185e-01
8.100610898059592557e+00
1.415764768467870383e+01
2.005269896513323147e+01
1.082219593334725616e+00
1.383764383900279560e+00
1.776753842723672427e+00
5.582491669072310765e-03
6.460433376254492988e-02
4.181104799665058547e-01
4.084685344010642316e-01
3.661587762086586650e-01
2.787448457522742618e-01
2.359410301377787011e-01
1.743875504257846043e-01
8.049326496804228626e+00
1.413614792858676061e+01
2.005565465801609903e+01
9.840077409907090900e-01
1.326297716979735197e+00
1.686420880907376407e+00
4.442318355666352060e-03
8.953952063296777286e-02
4.252463027576565135e-01
4.113623658246409187e-01
3.574769902728023308e-01
2.842802933620556805e-01
2.369531504727785953e-01
1.699922654067006766e-01
8.069387409240045272e+00
1.407050259559393446e+01
1.993035957190959451e+01
9.782241571770147193e-01
1.270542116169238955e+00
1.889068566348471201e+00
4.074686478152230590e-03
9.371479860155086661e-02
4.313339318320861260e-01
3.947637546550996634e-01
3.353615072199602198e-01
2.902804896258302514e-01
2.292939546559870923e-01
1.697971803958633341e-01
8.016944436608049784e+00
1.420234310974136172e+01
2.039130533841091975e+01
9.348656687283946054e-01
1.258096885264039733e+00
2.135503517373924520e+00
2.245305385471307608e-03
1.090330945047919414e-01
3.863039194299920931e-01
3.783452400605822885e-01
3.153660674451277957e-01
2.829426083632193833e-01
2.270022988882283987e-01
1.243216318454462149e-01
8.000043926460918442e+00
1.428723578360264845e+01
2.015576814152005625e+01
1.208201806847270188e+00
1.420921618982960544e+00
1.387883868097760764e+00
6.990554902183575628e-03
3.480556950233523739e-02
3.919730631201019944e-01
3.534880808101444893e-01
2.987905512421842324e-01
2.754241858604412063e-01
2.062140931085821860e-01
1.460731237300894880e-01
8.093040894498269466e+00
1.419199404525262764e+01
2.032892742472229841e+01
1.120376294453306665e+00
1.394521395596715063e+00
2.260481600059535801e+00
3.172606847681422575e-03
7.580661417588882567e-02
4.104691531622904899e-01
3.803599103458209507e-01
3.010273060833646985e-01
2.696498681376413020e-01
2.138047668467021878e-01
1.263744333395885877e-01
8.032289532442627333e+00
1.412561780557736490e+01
2.031174097276133139e+01
9.778866910256388545e-01
1.115791655061605825e+00
1.950087755390939481e+00
2.886375541769905465e-03
1.075896206594124382e-01
4.076973399787852115e-01
3.520649952428814844e-01
2.864388827641757285e-01
2.787796146219703175e-01
2.037097135856525132e-01
1.397678146080711947e-01
8.030102156575654959e+00
1.418518391348379382e+01
2.031199236548248166e+01
9.606189246336237497e-01
1.165105736286804916e+00
2.017345180463561594e+00
1.601312558149544296e-03
1.053405525765152423e-01
3.918408560973361543e-01
3.777169426149630249e-01
2.957955578967204069e-01
2.345459615648374796e-01
2.037135034045876036e-01
1.182727296267858941e-01
7.982082701024181048e+00
1.425830368157380690e+01
2.027147822651849651e+01
8.671469161451555996e-01
1.005998808166442826e+00
1.728880880502731809e+00
1.702077059961865958e-03
1.363107434671734230e-01
4.052428037280151329e-01
3.478964191971663511e-01
3.038623703079469385e-01
2.863463398221023914e-01
1.979844044970505423e-01
1.405430624997689448e-01
7.967419370219411157e+00
1.425364275500124300e+01
2.018467399057850287e+01
1.040950126730282532e+00
1.400952753263567940e+00
1.903665338790669459e+00
3.650237537435153425e-03
7.711410539635045469e-02
4.144477863365997328e-01
3.469583804793480164e-01
3.000188679335554776e-01
3.063931365422440378e-01
2.028687508055947997e-01
1.483438122514831869e-01
8.006451985933347615e+00
1.420814534185929112e+01
2.023801043704426306e+01
1.186726377711359248e+00
1.304447116075829749e+00
2.050730430641860114e+00
3.625409465433413175e-03
6.637710507537145088e-02
3.940496148573532920e-01
3.207670645036878598e-01
2.851147198794810045e-01
2.757449028179306816e-01
1.779218777059999868e-01
1.439170605272650227e-01
7.943695042865973832e+00
1.427070799729197859e+01
2.041227779159248357e+01
1.099489742216980037e+00
1.363058328234396210e+00
2.183968954626711589e+00
1.972017885239554791e-03
9.046415486857846411e-02
4.132295693925326363e-01
3.593630378633143607e-01
2.998243221830547700e-01
2.911256677432250695e-01
2.065071141442886005e-01
1.312405116294218244e-01
7.943756263700386455e+00
1.425392446624462472e+01
2.033220632721126364e+01
1.117354164654924542e+00
1.367090418737187507e+00
1.776412030741790549e+00
3.720374831723334986e-03
8.064781066608744942e-02
3.998210494127095727e-01
3.181298010067811211e-01
2.917087436127099309e-01
2.714352804237783467e-01
1.703714794991005033e-01
1.426597494271999444e-01
7.982313138711647937e+00
1.430317282855166638e+01
2.031980535687371159e+01
1.034281651597564800e+00
1.315345461639606528e+00
1.784446824970019385e+00
1.701511743231262945e-03
1.048090066178280350e-01
4.019196326329835256e-01
3.066507997953839548e-01
2.648648915772587320e-01
2.845665561901283835e-01
1.649785361532210282e-01
1.177548257320325392e-01
7.938399491293250065e+00
1.426533601196502055e+01
2.030916961677350585e+01
1.072447902388949492e+00
1.293223461442916777e+00
1.888533506782095639e+00
2.401590125198865919e-03
8.899022539020187694e-02
3.988609739112758401e-01
3.102502958099701558e-01
2.801510472989485745e-01
2.810751423752881895e-01
1.650959155300187331e-01
1.191446472188903288e-01
7.932257647676915546e+00
1.435326960085392223e+01
2.005675998070857702e+01
1.126134768496904082e+00
1.561261720909036255e+00
1.606968075412475994e+00
3.346983879845525853e-03
7.996402024371628003e-02
3.806955133213654197e-01
3.038744930894423657e-01
2.853721383416670809e-01
2.650962573895944141e-01
1.631978558906268251e-01
1.361354947218766098e-01
7.911790293521068662e+00
1.446815680850426489e+01
2.024038819249359378e+01
1.147582779673996800e+00
1.332209353084679027e+00
1.526750343746712479e+00
2.565894627804220923e-03
8.677134771725392159e-02
3.835768903710629618e-01
3.092367867464441145e-01
2.693832028484838270e-01
2.579348253782233757e-01
1.687368174988911618e-01
1.364122528006679325e-01
7.945303145723896954e+00
1.438687816164393141e+01
2.037342565867731281e+01
1.095707304765275669e+00
1.293262215862274633e+00
1.985797539486315655e+00
6.235695437888736639e-04
1.107537656378967950e-01
4.035528205072004826e-01
3.086402686739627144e-01
2.815340842075953476e-01
2.765630206764300159e-01
1.611804460248439930e-01
1.264508653404877170e-01
7.955043646927005163e+00
1.443945152630361761e+01
2.031189951823813189e+01
9.941950058722014427e-01
1.175218279016349676e+00
1.395493567761484366e+00
2.170969481544438896e-03
1.030012916988044674e-01
3.753235267118810170e-01
3.019197646350237352e-01
2.618636208572275859e-01
2.573692286770527526e-01
1.632904392800794136e-01
1.189640372869563978e-01
7.911451975481434751e+00
1.444738531166839657e+01
2.019809825003232362e+01
1.109416242275816922e+00
1.318577489011792947e+00
1.712851094256441442e+00
1.901404073833273031e-03
9.425747099688326636e-02
4.069329531994362315e-01
3.150730778688714540e-01
2.692817722037305073e-01
2.902107941396738222e-01
1.807597770717526142e-01
1.340784393799297203e-01
7.975832541394673569e+00
1.441671980262011132e+01
2.049555639305252441e+01
1.064631200700026703e+00
1.321249051896238536e+00
1.767135287277925348e+00
1.450649802493241382e-03
9.523372491648307570e-02
3.937190861910667139e-01
2.935143050477387328e-01
2.610160624412807828e-01
2.714906370636985256e-01
1.554383251731158710e-01
1.176367342546369571e-01
7.948829401458531230e+00
1.440183254387980050e+01
2.037017716534277767e+01
9.742345758631959507e-01
1.330812137164472109e+00
1.547095903863074717e+00
1.631631639117060630e-03
1.011205550285553950e-01
4.102518188767030893e-01
3.209878125305313246e-01
2.589195727758042409e-01
2.912428744596696761e-01
1.858136277855633733e-01
1.238519930346069914e-01
7.947472910239509858e+00
1.441546612360085966e+01
2.047617573602275698e+01
9.797967051087912438e-01
1.337141723570427043e+00
1.970290072477595134e+00
1.298497746254511113e-03
9.808421981516586563e-02
4.013075654450636853e-01
2.860614072226883575e-01
2.621158404162905464e-01
3.163617612186749306e-01
1.681253849529877609e-01
1.266580910509486069e-01
7.863659848644311445e+00
1.437988917321425042e+01
2.034707682718101651e+01
1.235695365611038765e+00
1.815615896662876594e+00
1.918618577135171810e+00
3.863618558445538163e-03
3.952875854842718278e-02
3.861082375143344847e-01
3.017920687456638884e-01
2.577513818649284083e-01
3.144532948791499138e-01
1.824441085325947676e-01
1.112295460008120573e-01
7.817402662339937969e+00
1.432426176493426162e+01
2.050136301141054318e+01
1.384930495144873985e+00
1.441982436298308468e+00
1.656651648392022391e+00
5.687497637814144073e-03
1.678730288672528048e-02
3.903447352738109721e-01
3.032960863049125044e-01
2.614381816300802575e-01
2.990848234747379153e-01
1.801774084444375534e-01
1.235210530969080012e-01
7.859158924983120187e+00
1.436014291912869645e+01
2.053339333456656135e+01
1.255472729052909298e+00
1.394537424310077434e+00
1.622588930520647788e+00
3.544267360619649844e-03
5.348692270454955683e-02
3.983037151530969822e-01
3.055184131719043683e-01
2.554243427193678140e-01
3.035534973141384429e-01
1.818442983434242766e-01
1.284086136786560528e-01
7.909763384962297472e+00
1.431924763594893335e+01
2.043331342779837811e+01
1.259940269644256761e+00
1.351818761541178082e+00
1.993732544027867926e+00
2.528604731816838300e-03
6.383115298642901003e-02
3.869757488444839910e-01
3.047917589444562592e-01
2.461484745488922155e-01
2.610131492854493307e-01
1.660749281128326704e-01
1.218474860800505821e-01
7.855063532824143380e+00
1.425844014034987595e+01
2.058576677918594910e+01
1.054103198719178014e+00
1.086122970925071041e+00
2.298900199507166953e+00
2.355240661461885463e-05
1.172854032457536083e-01
3.748564403294714631e-01
3.194881045409984632e-01
2.474445910954475303e-01
2.928766407564074581e-01
1.973814769184128459e-01
1.139752333924998612e-01
7.856495196778158885e+00
1.435077213064577606e+01
2.030772085630896484e+01
1.392508484119469925e+00
1.366633684916542579e+00
2.137138565278543734e+00
3.986285250979214843e-03
3.902978555254199566e-02
4.135324345280311231e-01
3.310374150842553820e-01
2.495083432550255775e-01
2.967568308548694245e-01
1.932618297050191780e-01
1.123611248401582413e-01
7.909158150195743531e+00
1.428328020570179646e+01
2.041452435845882363e+01
1.026574332948221757e+00
1.190786026088369587e+00
2.170519764545500774e+00
1.692369653666680020e-03
9.358703733068740593e-02
4.037803016787174792e-01
3.308488422461673961e-01
2.436522386959169006e-01
2.717658619142747090e-01
1.822245146575546537e-01
8.875288351711133061e-02
7.952892114082788844e+00
1.434997222564376251e+01
2.026904246946903854e+01
1.056127836876094905e+00
1.226597795941991365e+00
1.633804960722329280e+00
1.737133462554517338e-03
1.102023854543626308e-01
4.034845737282385936e-01
3.141427088771379106e-01
2.693512207066292019e-01
3.007110496500128849e-01
1.743517753285920568e-01
1.016252609781673338e-01
8.007106744836589129e+00
1.433574872523385579e+01
2.020361610230275673e+01
1.103185502595931622e+00
1.147643862889471400e+00
8.174968329299354686e-01
5.091134422357215805e-03
5.600278835707168945e-02
3.599702772139770635e-01
3.191778927151149303e-01
2.599660141740624542e-01
2.939916001603688489e-01
2.015898753427926293e-01
1.121564598086464831e-01
7.786066059350645219e+00
1.434576357890455434e+01
2.003898828154608935e+01
1.477646941469215935e+00
1.297367225907702482e+00
1.262989714162708887e+00
6.237918514489822555e-03
8.642101427888199822e-03
3.771900795302690068e-01
3.057006078157760154e-01
2.363913858837411452e-01
2.878972616215008662e-01
1.818318313547397369e-01
9.669959804382288748e-02
7.835758436560174012e+00
1.431133031178349313e+01
2.042146850069575947e+01
1.164772527132109659e+00
1.238836180063870307e+00
1.929546353059423458e+00
3.926287303432124572e-03
4.988674566169796348e-02
3.642233807128630874e-01
3.133402453035208368e-01
2.363211299476979943e-01
2.708661063208050446e-01
1.785717930741386184e-01
7.343625657507150961e-02
7.818360810806212591e+00
1.422577944511310299e+01
2.022119805937133208e+01
1.184229958695367069e+00
1.054921701479361484e+00
1.287359134383886161e+00
5.419198417174167677e-03
4.549257243075512797e-02
3.630479428082533655e-01
3.235152570562447316e-01
2.257370998942700158e-01
2.914737911482480071e-01
1.999887955571912068e-01
6.582114676436387479e-02
7.881094515500433495e+00
1.422488073727651958e+01
2.049461290177298523e+01
1.292814204719813231e+00
1.213769224007848369e+00
1.846601824762019728e+00
6.860181744731349424e-03
9.064668615124390344e-03
3.702936661619120051e-01
3.467028363549966574e-01
2.564629191006475573e-01
2.825958522545138907e-01
2.092226278721240340e-01
8.325651896230872040e-02
7.813749529247485448e+00
1.420769887450089364e+01
2.055856376520240403e+01
1.299369423230343656e+00
1.060672515838156027e+00
1.265588159469546836e+00
6.539142341968936199e-03
3.018633148738376556e-02
3.811873397766327165e-01
3.557228087830371921e-01
2.700741544324578580e-01
3.101428812923640033e-01
2.277080664301018020e-01
1.007887939504118618e-01
7.884043052098706816e+00
1.430079354659394397e+01
2.060893403985636851e+01
1.343900629588918649e+00
1.123804592601907126e+00
1.186866846282762733e+00
7.501902964634496809e-03
4.253324427415045364e-03
3.961124436012079530e-01
3.469592381379678070e-01
2.675787280708319948e-01
3.030206534303875876e-01
2.030903792349924020e-01
8.048597175288023375e-02
7.913641172310531324e+00
1.440538051470757175e+01
2.070426065513839120e+01
1.156489990397965739e+00
1.195793948182446220e+00
1.036055938281004174e+00
7.166851367605201611e-03
2.918643595876496341e-02
3.979323793795215281e-01
3.593766144357107284e-01
2.822402188638309939e-01
3.241759843676634278e-01
2.312347386323330978e-01
1.183937967842710048e-01
7.929600059556397795e+00
1.439445880585773985e+01
2.063559075337076010e+01
1.273338886895118760e+00
1.279158932177471897e+00
1.693341530868105904e+00
6.951257641934804540e-03
7.857826006507740574e-03
4.029948007006174393e-01
3.717554238709437908e-01
3.012624377463374303e-01
3.133827146980447953e-01
2.273161795193184009e-01
1.166960198183861069e-01
8.007931566233231990e+00
1.443634629181809004e+01
2.060987703890176093e+01
1.230533992131622290e+00
1.156313013664765021e+00
1.282641600654560010e+00
7.348940218419081419e-03
2.244143347667610505e-02
4.026764201084924721e-01
3.492072728542556237e-01
2.848750272086008062e-01
3.661329534128123231e-01
2.323744554330428036e-01
1.052122501946472360e-01
7.913493387560591508e+00
1.438523615038586811e+01
2.063947023434388939e+01
1.413644794866550702e+00
1.405445349272040234e+00
1.318234298836427953e+00
1.092791810372292088e-02
-6.151699826272222227e-02
3.787162477197104637e-01
3.370374492000368649e-01
2.698253723237007407e-01
2.990261758509056844e-01
2.103450462968824985e-01
1.083072035224751650e-01
7.859870732451091691e+00
1.441269826276536392e+01
2.063571949725452370e+01
1.300533193104812746e+00
1.368997702177879860e+00
1.391345450431658470e+00
6.192759517309113018e-03
2.094945444713963018e-02
4.035578727454592340e-01
3.384768531330502039e-01
2.738655233644099463e-01
3.017106308278243443e-01
1.956323038601165687e-01
1.020475779165032210e-01
7.947758359802097772e+00
1.434183526503665185e+01
2.057756229301042339e+01
1.085012235219339427e+00
9.807582433701650393e-01
1.132994515212221609e+00
5.411743808809359006e-03
5.352447451265993777e-02
4.163447794240588973e-01
3.458075565774341165e-01
2.767736886490915760e-01
3.383853542230234601e-01
2.157106694274868175e-01
1.072928372391638296e-01
8.023068827466572017e+00
1.437097044458595541e+01
2.072589023255829943e+01
1.253437195522536740e+00
1.324059667373296056e+00
1.399368414948357620e+00
7.050715382953166507e-03
1.111104140337407752e-02
4.317576417209868511e-01
3.492794662416084939e-01
2.822660516095655270e-01
3.138935235852149397e-01
1.973877889812430952e-01
1.046081623465183186e-01
8.069072987711827238e+00
1.431203373241133470e+01
2.049752548263411711e+01
1.076363745974644237e+00
1.181928949309563492e+00
1.138922137098236309e+00
4.683213658290351356e-03
7.237367137686098739e-02
4.221750960605957226e-01
3.436601261270406105e-01
2.647443266135943718e-01
3.449596827797182241e-01
2.185592228873727838e-01
1.148478452600554534e-01
8.010118982201561266e+00
1.444435652495562117e+01
2.053823944933779799e+01
1.307319048769485459e+00
1.329486240793718688e+00
1.819043569769387414e+00
5.615813665868460078e-03
2.091160544997161530e-02
4.195300422183636524e-01
3.110450631178535152e-01
2.563172800328378242e-01
3.392457829972066463e-01
1.891205712528720995e-01
1.111121132169401726e-01
8.041579149122220826e+00
1.438384987113198044e+01
2.044955231936694773e+01
1.231893214755328536e+00
1.458408842558026830e+00
1.783391179332637133e+00
5.079077505976546669e-03
2.769358889565871895e-02
4.450085933157834073e-01
3.254297148529327055e-01
2.586192749525829115e-01
3.528247720098577900e-01
1.904493024631292719e-01
8.689279655984279149e-02
8.061586500855868920e+00
1.456850060735833097e+01
2.059045606404051654e+01
1.093009573125753864e+00
1.495153918942135229e+00
1.319334155736833436e+00
6.091795177782960771e-03
3.257016258360716232e-02
4.341914935891744154e-01
3.161380031053118711e-01
2.535651454418103024e-01
3.251458409398333416e-01
1.757554035863111153e-01
9.266887703804436993e-02
8.031277010626585167e+00
1.450285250298675344e+01
2.063472647217765044e+01
1.106968653088401755e+00
1.323175074646348426e+00
1.427771236381052633e+00
3.948795006715498553e-03
6.910519989138157182e-02
4.309650270521200865e-01
3.154844295818987621e-01
2.530946760041438703e-01
3.291169706858009247e-01
1.774534213888412648e-01
8.834013612482959077e-02
8.017283190347882282e+00
1.442316401141019178e+01
2.035341670419840909e+01
1.123044157802877363e+00
1.373098301875803173e+00
1.292314974490631041e+00
4.857751121507217044e-03
5.414805535593832098e-02
4.563409755449490124e-01
3.022561269028911091e-01
2.582209404963857757e-01
3.525292361631998106e-01
1.634033914075141702e-01
9.438348219808759265e-02
7.999488419684690932e+00
1.452061860113349923e+01
2.071521375754439376e+01
1.138267894509075839e+00
1.517518856517460879e+00
1.412616003253314156e+00
4.523300247946704898e-03
5.808281257776556211e-02
4.583003120198456681e-01
3.194424048805202254e-01
2.528154340508839137e-01
3.802240083217584554e-01
1.939632311609071069e-01
1.024221996313361277e-01
8.022774873939424012e+00
1.438161896681303276e+01
2.021325755667128377e+01
1.306254163638686183e+00
1.551406097586816468e+00
1.871679894216252915e+00
5.613922237932730298e-03
1.978133686762796606e-02
4.396827108815061780e-01
3.128118130870012337e-01
2.444890396048656767e-01
3.163090670431589757e-01
1.715420096557177532e-01
1.068861577832221771e-01
8.074638695028596658e+00
1.444522572685697881e+01
2.039538901131837179e+01
1.089634963898844511e+00
1.348486125676241931e+00
2.136867545370033650e+00
1.125904142643741491e-03
1.038046430389188285e-01
4.798164608017363442e-01
3.230058306147525760e-01
2.542875119584770971e-01
3.458304633754308854e-01
1.670960099495813755e-01
8.818210812497745410e-02
8.040173929556601706e+00
1.449411934664172996e+01
2.041090904384596882e+01
9.320656406528597948e-01
1.142822255779351925e+00
1.494986871864238953e+00
2.466064177842214496e-03
1.078090915704834341e-01
4.497871813772795213e-01
2.976667124610424819e-01
2.603324010670083899e-01
3.423969166025483402e-01
1.593980674817692955e-01
1.034924201209319605e-01
7.972616180596635793e+00
1.454689687657639929e+01
2.029994203266777220e+01
1.155195207851529515e+00
1.667474366781817929e+00
1.638346758225461386e+00
3.694787969833095934e-03
6.650236491832349495e-02
4.567017738190818910e-01
3.025664786135923712e-01
2.573282014517865313e-01
3.482472684181898148e-01
1.654309145688238336e-01
1.003909010590259415e-01
7.980286194089163843e+00
1.440962098425686122e+01
2.047786256035689334e+01
1.106368432878075181e+00
1.630302551669287947e+00
1.593872346826952668e+00
3.699850815440329163e-03
6.732749306993422722e-02
4.542704519039316713e-01
3.083877073300760885e-01
2.613024716025702521e-01
3.337151718007501100e-01
1.635186260321755125e-01
1.072503196125961511e-01
7.985495504904739583e+00
1.438749119505076912e+01
2.042639252844475095e+01
1.102255424381332727e+00
1.362374640530022996e+00
1.618380480057023174e+00
2.559893353899377836e-03
9.124428851808119578e-02
4.473907696334636364e-01
3.094056625629224566e-01
2.579266574432796943e-01
3.093221994809459141e-01
1.573573458765581967e-01
1.122689188476583000e-01
8.008777274058783036e+00
1.425067125337486118e+01
2.027883064599173224e+01
1.020195523901416879e+00
1.147774969706700565e+00
1.855152750718087162e+00
6.207052871427976449e-04
1.254417613040277324e-01
4.306399954672278096e-01
2.964213820250701792e-01
2.386158604343937006e-01
3.154258740632765456e-01
1.694586509444344358e-01
1.280625594499989195e-01
7.996493136593260331e+00
1.431642305162504947e+01
2.039354995437778229e+01
1.072908507099860742e+00
1.380977587212552260e+00
2.352897533542902764e+00
-2.542254059340796576e-04
1.050718829970825607e-01
4.776644382905394504e-01
3.233049255373440234e-01
2.716825500511103053e-01
3.300926293119948451e-01
1.706833284932660344e-01
1.359073821547544525e-01
8.015808135110711774e+00
1.434636670635548938e+01
2.029803601770674248e+01
9.014921009796401652e-01
1.066863249990929186e+00
1.849074509288531898e+00
-9.080870537871234315e-04
1.471250951389376227e-01
3.993215554002955137e-01
2.935355772109534689e-01
2.477578204256779271e-01
3.087769450180110065e-01
1.726616473965184584e-01
1.106576407007408835e-01
7.956435488131073264e+00
1.427157312894275520e+01
2.041186618754365867e+01
1.258892359869960398e+00
1.491356389234071544e+00
1.561770128835239246e+00
3.584665501206982935e-03
5.118997359555758214e-02
4.166293962352636271e-01
2.825935626781921894e-01
2.476201639375594232e-01
2.992592270136490984e-01
1.475252751321891598e-01
1.099251208088287551e-01
7.950234904572428540e+00
1.422211879435145399e+01
2.029561995929718421e+01
1.002003914682216612e+00
1.218520012579188849e+00
1.630021803920103762e+00
1.612537555569477834e-03
9.730067729891961337e-02
4.107315735188161177e-01
2.957190663750946524e-01
2.452315103721070810e-01
3.028149905250453466e-01
1.700715145426372477e-01
1.210408810544817138e-01
7.988328466138161055e+00
1.429225140450312814e+01
2.051310896384454807e+01
1.046651567378996228e+00
1.158949201010048169e+00
1.796603628680033538e+00
1.314986871063683616e-03
8.941133928763471406e-02
3.849111777825855452e-01
2.842153145601364339e-01
2.529197742996492360e-01
3.000698510439209210e-01
1.645453821743777800e-01
1.169308397420465856e-01
7.954340568022154834e+00
1.423975735853272795e+01
2.047081901495804601e+01
1.202734090288901880e+00
1.200432993920227620e+00
1.525898352351525267e+00
3.996074866434077763e-03
4.555203140090670344e-02
3.990136193216565763e-01
2.878949995528758410e-01
2.542965380916515916e-01
2.907631104562562463e-01
1.561710871208250306e-01
1.107978328175722865e-01
7.890567233180873608e+00
1.426596951935941071e+01
2.050439009611362451e+01
1.003265825500027963e+00
1.040905697087473269e+00
1.242138612269956477e+00
2.719977161273695945e-03
8.166930951171610942e-02
3.869374556019082867e-01
2.838365436369895134e-01
2.605848509666002233e-01
2.914368943157941705e-01
1.604012441564522384e-01
1.220585197258596544e-01
7.899436514810768806e+00
1.422294792390663254e+01
2.069721013990228897e+01
1.109165713114533380e+00
1.262966161756678751e+00
1.453162379203123411e+00
3.334914977225839766e-03
6.144992203166876887e-02
3.965869721068252529e-01
2.842694384938664331e-01
2.687009523976969794e-01
3.284763555997113893e-01
1.690052232266670285e-01
1.218734072087834241e-01
7.891090922458801948e+00
1.426783536468368219e+01
2.049760388481777085e+01
1.186895689361987083e+00
1.137017742275568510e+00
1.081736499585473466e+00
6.066788176243618699e-03
1.413857326194015683e-02
3.874373691364862426e-01
2.806324670912241914e-01
2.495901523466487748e-01
3.030330462614410636e-01
1.605236665199498702e-01
1.071346157369567759e-01
7.882544322508165280e+00
1.421220748456111416e+01
2.063387325646484527e+01
1.153576579279552705e+00
1.105905797152084924e+00
1.183313413501678513e+00
4.441681545923471634e-03
4.372278849499145609e-02
3.961877533934052842e-01
2.673328952616018106e-01
2.389588492350191717e-01
3.029624065287450096e-01
1.458035688847126865e-01
1.043709231842090412e-01
7.909459190020036168e+00
1.425642031698082590e+01
2.065709340115354564e+01
1.107285792997049212e+00
1.105830571769838899e+00
1.401956557910261747e+00
3.170066111124635998e-03
6.260892168142100089e-02
4.104772259612418095e-01
2.809579905066515448e-01
2.451039829125824798e-01
3.354902346346693709e-01
1.676475598374592424e-01
1.101145214716401644e-01
7.877422715708195078e+00
1.426444207478575699e+01
2.062103176194671050e+01
1.221161006918671132e+00
1.209460821488353544e+00
1.286616583864211183e+00
4.551866885457277710e-03
3.221548916681482577e-02
4.013580670953730833e-01
3.089354238536062280e-01
2.392504051519023234e-01
3.336985351365235886e-01
1.976207023692516940e-01
1.035037910097846708e-01
7.873170509771318493e+00
1.423929997517169888e+01
2.060453923906171525e+01
1.310061096907215505e+00
1.189645009009344667e+00
1.454461333549051938e+00
5.177950972452744806e-03
1.889097559583936825e-02
3.808405386699288409e-01
2.981520525641985775e-01
2.457418200414216991e-01
3.053968956462905227e-01
1.860985025632111711e-01
1.146912765152502955e-01
7.880760636958223486e+00
1.420028111171803431e+01
2.050018856973179382e+01
1.333558863507553260e+00
1.236909085111249640e+00
1.338970021750478523e+00
4.237095727881615842e-03
3.390897380198234362e-02
3.811662800668543238e-01
3.079831582811884960e-01
2.255227717712526836e-01
2.980962962237746483e-01
1.931000083448918270e-01
9.820932228514231421e-02
7.880206022466165194e+00
1.416365898417617331e+01
2.037762661862716840e+01
1.296760766298377110e+00
1.209195688589833395e+00
1.701038257386260799e+00
3.417112977795625211e-03
4.746025454551616035e-02
3.972888906898143224e-01
3.134836143372977668e-01
2.320569908606970322e-01
2.941263544518039064e-01
1.924411243681722061e-01
1.130195406422462717e-01
7.882866378469875812e+00
1.427555072763565036e+01
2.043454445325738433e+01
1.129639620519158782e+00
1.252561742884805929e+00
2.008115224366424201e+00
1.259116746648417367e-03
8.330152892853610880e-02
3.947044465614655828e-01
3.130745927734470135e-01
2.193234348072754802e-01
2.931738205898160587e-01
1.924082505356412287e-01
1.053244006939987043e-01
7.880971399513951425e+00
1.422690385150973214e+01
2.021165967935551322e+01
1.139715398742804586e+00
1.190317383697459874e+00
2.293521161988338442e+00
1.031962834348453158e-03
8.333631098981210406e-02
3.689210731470269899e-01
2.958995063008531545e-01
2.282253119243201067e-01
2.772100811870930048e-01
1.817003699557650787e-01
1.017347316720789846e-01
7.896703104812511143e+00
1.425966640163584920e+01
2.035993334438458646e+01
1.137478816669473369e+00
1.309876511190201542e+00
1.489161429656866265e+00
2.671884128054554178e-03
6.179286908219660396e-02
3.950016413235705182e-01
2.761306814269156029e-01
2.119880475553440335e-01
3.210749847355748865e-01
1.697581227565367890e-01
8.837220261570592761e-02
7.877008307592455516e+00
1.432980651797838334e+01
2.042861287212663868e+01
1.262202013090944375e+00
1.497652954656464974e+00
1.749480251417485421e+00
3.758993427133246277e-03
3.395586764012464842e-02
3.932937672241294536e-01
2.967183471841392528e-01
2.248174751661697335e-01
2.904518262562377218e-01
1.696059760388709259e-01
8.204904285132645636e-02
7.892083084648864322e+00
1.422828946994147969e+01
2.045682990615569352e+01
1.032531691741148228e+00
1.146801921659621915e+00
1.318577639149644209e+00
3.079292565928328472e-03
7.226641521746876573e-02
3.688820450640525328e-01
2.996561170012956299e-01
2.244984740413719093e-01
2.797070888892795315e-01
1.779982660672381756e-01
8.536130307527196870e-02
7.847103668150976041e+00
1.425891230005280441e+01
2.033620912679146642e+01
1.239678162505377879e+00
1.159846015235092453e+00
1.462421211547967115e+00
3.825116667134403209e-03
5.236436929092679049e-02
3.699801784102906832e-01
2.909715418594750469e-01
2.043360737397006410e-01
2.863252441941653292e-01
1.864339624697127495e-01
9.895998387753406067e-02
7.964033900426512602e+00
1.424514451347324062e+01
2.034064429795475704e+01
1.228053465812092515e+00
1.451143517337712296e+00
2.269307479267538508e+00
1.744873931729630382e-03
5.709308368795093513e-02
3.845333523699480671e-01
2.942300158876436367e-01
1.959716112788939535e-01
2.713918640540009530e-01
1.758608360424952777e-01
8.299611732767286920e-02
7.916913247555426025e+00
1.430763952089810687e+01
2.021754189312689221e+01
9.670401130773879084e-01
1.219572642878558932e+00
1.893851266952993218e+00
-7.437715513875051577e-05
1.056290325872841912e-01
3.164439627002270106e-01
2.742797584684288914e-01
1.882397214894109272e-01
2.295616905397717677e-01
1.684512482990670468e-01
7.530979102950940973e-02
7.894783557476341862e+00
1.432448836847481743e+01
2.024067653133964129e+01
1.233327089207950200e+00
1.289349597772246447e+00
1.779516501375536741e+00
1.959041319917770134e-03
6.337132680787227468e-02
3.231124563365987967e-01
2.666162195363752652e-01
1.860232742992153909e-01
2.693740452550597575e-01
1.793477313527368222e-01
8.933250504491477284e-02
7.880098315149155930e+00
1.438394528763796387e+01
2.020219424224225691e+01
1.448043696094671873e+00
1.547953138332486045e+00
2.327569265037349400e+00
3.255922947239528204e-03
1.538894783508107551e-02
3.319569765559658436e-01
2.746825771930925808e-01
1.949987216174911830e-01
2.205230847862960641e-01
1.609258258989939572e-01
8.813265648791593354e-02
7.839328933639305497e+00
1.433145729018494841e+01
2.041791484636512166e+01
9.760337627603429267e-01
1.121612711341941404e+00
1.676720406315433953e+00
-3.951416760102120047e-04
1.083288050741049169e-01
3.129008410300661569e-01
2.532489745971919781e-01
2.067071785534048689e-01
2.253028015280688634e-01
1.479041858091946771e-01
9.242388513496085922e-02
7.814935408109978887e+00
1.444344519983776642e+01
2.045603777882907792e+01
1.193729427334353943e+00
1.295341016612737928e+00
1.314969142280050018e+00
1.943147678343778171e-03
6.598254575840747926e-02
3.120068943029510877e-01
2.340552288966170347e-01
1.804881778315461371e-01
2.131190073774249794e-01
1.269035313958796207e-01
7.186317449637343036e-02
7.811865820392354109e+00
1.450378174532118258e+01
2.053274315526753568e+01
1.051454890159832845e+00
1.215046475764282263e+00
-1.405352183013724332e+00
6.488908986839519652e-04
8.890216960922546485e-02
2.933375898314702357e-01
2.075515213870478826e-01
1.724397123364047602e-01
2.175289146710190913e-01
1.148822646284066717e-01
6.945472859712553682e-02
7.788694156264531543e+00
1.435018459186555795e+01
2.050142304918551162e+01
1.209314990701265913e+00
1.433016002361024110e+00
1.207753820711909620e+00
1.979355662482288128e-03
5.454066204674726942e-02
2.841128410705400786e-01
2.047269547911572396e-01
1.684866150558941844e-01
2.057928086484677177e-01
1.084810869964214636e-01
6.506715243984863284e-02
7.819393174713249017e+00
1.450711736977251931e+01
2.066659222480403812e+01
1.281745657269250049e+00
1.238871009388764710e+00
-1.323984268023909339e+00
1.800876724404553786e-03
5.995536004786624490e-02
2.781870952771354766e-01
2.018239093137139673e-01
1.428805345888173595e-01
1.460954857756063818e-01
1.254044673467850091e-01
3.234769829000688768e-01
7.892755548734932347e+00
1.440699081151411498e+01
2.201755997389321706e+01
8.765006774839063652e-01
1.356159079819685420e+00
5.644146535674704701e+00
-1.892838140744315320e-02
2.317404735643767699e-01
2.799285223723174121e-01
2.135062700857712492e-01
1.852865241150254416e-01
2.043897584853898441e-01
1.206856625039606362e-01
8.536641218632545769e-02
7.820257329590562634e+00
1.445119478377991840e+01
2.046037546425232989e+01
1.295154445577902269e+00
1.342416521655541262e+00
-1.294156590937734386e+00
1.753021132337209340e-03
5.619254709150901111e-02
