-1.493037781748974280e-01
1.613147147853122298e-01
1.492331935091404382e-01
5.428264371527809828e+00
9.012515863460295318e-01
1.052350616453310517e+00
4.709382635279032669e+00
1.388213857723672717e+01
2.001739241044209194e+01
9.036331507063147583e+00
4.829580931272593247e+00
6.447337506521090944e+00
2.143378822560079167e-01
-6.941130903154520304e+00
1.722130346518775390e-01
1.584411831838266616e-01
1.442244953195250534e-01
1.501289260462216335e-01
1.215189783760489139e-01
1.334683916847546892e-01
7.355719406566969099e+00
1.394021227966156573e+01
2.129058691884584320e+01
1.810142820347061976e+00
2.343786228325567045e+00
3.805495591209765660e+00
-1.511212811779889516e-04
2.671053887750262897e-04
1.642728125214960033e-01
1.564343132629367472e-01
1.484306607969982650e-01
1.979291256891937689e-01
1.192629372684955447e-01
5.982884541248256055e-02
7.363517138795993233e+00
1.386132745655154430e+01
2.015379272267238164e+01
2.169651111549597999e+00
2.127558548948128347e+00
1.703625120087245204e+00
9.153633394440356674e-03
-1.136501499544994992e-01
1.693232286541217768e-01
1.578814877243519543e-01
1.457895623463597579e-01
1.701539247561682788e-01
1.110312367666225347e-01
6.946622553769966901e-02
7.326861013410038481e+00
1.390712161138166003e+01
2.057720446888094656e+01
2.002766544618451050e+00
2.001400530507831732e+00
2.249384864143269436e+00
5.700239669279946741e-03
-5.394301316675141622e-02
1.755499486919950003e-01
1.692132708264583452e-01
1.467456869571664713e-01
1.379470878278532819e-01
9.999871151236014444e-02
5.689356903327233428e-02
7.564211785955400558e+00
1.408755140419290619e+01
2.043687154321765576e+01
1.412516646511015939e+00
1.484105682265885129e+00
2.089714699578037127e+00
4.024778322344405197e-03
7.765799435354536588e-04
1.900738613267489163e-01
1.852218833948256205e-01
1.623998946308790048e-01
1.529859038874945010e-01
1.136895793830363655e-01
6.649080288790647220e-02
7.404411415190857326e+00
1.391322915434681562e+01
2.040774535465243744e+01
1.485385387129484647e+00
1.494694001643923187e+00
1.800679957053577418e+00
4.466376092032862434e-03
-2.929089284718587854e-03
1.814991804544977549e-01
1.827019499962831139e-01
1.756816331072658388e-01
1.393084884391048162e-01
1.055166959051779402e-01
7.473548365429928675e-02
7.399547368942124947e+00
1.403162559781638308e+01
2.046274759325211434e+01
1.490420251910464122e+00
1.441223378423536872e+00
1.702637681841372430e+00
4.434303056925542087e-03
3.372225186882603538e-03
1.815348935461165159e-01
1.609264781870547167e-01
1.625277880278261367e-01
1.478938603872194668e-01
9.405496013866099236e-02
7.200919253989032653e-02
7.382190070042834229e+00
1.386557716475527613e+01
2.049550640150289382e+01
1.494828665656372735e+00
1.743755111679299308e+00
1.918074198385695261e+00
4.327524056626231609e-03
-6.158701913747796110e-03
1.830828383306098983e-01
1.707687496245419712e-01
1.674978245597990578e-01
1.351562993069960195e-01
9.465677486818953323e-02
6.947066418906797103e-02
7.476755185207130339e+00
1.403693383282339902e+01
2.060346467136479021e+01
1.452129746891368534e+00
1.780972518479348565e+00
1.783427201040861165e+00
3.789023677567820731e-03
1.184027844851553123e-02
1.922041585649240658e-01
1.725854525630361180e-01
1.708128259513440050e-01
1.490039598050249270e-01
9.372744115430789447e-02
6.669040949265590823e-02
7.442953039928782211e+00
1.407499870869984626e+01
2.050780612832916461e+01
1.516587056915250198e+00
1.618553113304765478e+00
1.688734421737164260e+00
4.571451222094733910e-03
2.810520393843486849e-03
1.874622547661593253e-01
1.789934027664283889e-01
1.751997311804186497e-01
1.554272353672830065e-01
1.032474875447288443e-01
7.063792867051442437e-02
7.380703672637712209e+00
1.398077140291106524e+01
2.028009622143154189e+01
1.748535575950324716e+00
1.685072145706187685e+00
1.754072908793677055e+00
5.459826458466406421e-03
-1.586300886215433539e-02
1.981827178215020691e-01
1.921992724710224476e-01
1.835156733079957303e-01
1.347059882734535086e-01
1.010654580508243833e-01
8.079922974783344813e-02
7.476548054800645993e+00
1.402188630464169350e+01
2.074544589840349573e+01
1.444171647988528706e+00
1.467194324051469323e+00
2.348325333476853238e+00
3.041551969336969610e-03
3.344721529877449362e-02
1.803240999552047086e-01
1.820593198737842089e-01
1.774603553998584660e-01
1.362555455224915280e-01
1.061588144949996287e-01
8.068350351395311981e-02
7.489260187249218603e+00
1.394838875874683204e+01
2.045051645131811213e+01
1.485168155066063145e+00
1.532178452932363433e+00
1.847876908179830080e+00
4.059823244979789657e-03
6.400922976634716537e-03
1.855223953380531476e-01
1.813001316763169501e-01
1.790047084098666252e-01
1.522025550984463516e-01
1.089037677594664744e-01
7.594200181558286022e-02
7.424210161939784669e+00
1.403319112075864439e+01
2.057585611843115103e+01
1.547677758664375958e+00
1.760897311016116351e+00
1.757637515043581677e+00
5.235795014348198530e-03
-1.410303596413270411e-02
1.877842038186903484e-01
1.858849725232014916e-01
1.857646633866889552e-01
1.757435806394916367e-01
1.180342792499470828e-01
7.523214899823048307e-02
7.433955703685517946e+00
1.399823318395636740e+01
2.052955269150684359e+01
1.630160402598038516e+00
1.583158961039044854e+00
1.687485169024927956e+00
7.405311746088863792e-03
-5.072720926708786798e-02
2.028019777804633272e-01
2.272743850060639781e-01
1.934071364065198806e-01
8.533453591818129791e-02
8.608811086089847298e-02
3.438505685801682143e-02
7.383009369966059054e+00
1.416639408575942127e+01
2.022206680073899321e+01
1.104566471762706836e+00
5.561659059236826463e-01
8.118343801727385678e-01
3.187101227672487543e-03
9.322526838692642148e-02
1.958007604085144904e-01
1.901282972841261687e-01
1.791358871847580914e-01
1.348358343132045334e-01
1.051259067397698338e-01
8.027224701280923080e-02
7.597339744186302646e+00
1.405724291172974993e+01
2.064695364406706801e+01
1.240972178515863611e+00
1.552136791455972498e+00
2.160325917060597067e+00
2.991933901282484414e-03
3.035517920419050428e-02
2.046131557169705573e-01
1.927255119494838131e-01
1.792959695176087331e-01
1.734858695818859431e-01
1.114999650433285278e-01
5.677705172049628268e-02
7.539046261475498056e+00
1.412267526858949829e+01
2.042498621312300955e+01
1.401303611040142894e+00
1.515178147290332733e+00
1.531113427997433885e+00
6.958787313315389390e-03
-2.773440343246472151e-02
1.958628014891592994e-01
1.753429317491548844e-01
1.678764825091486612e-01
1.972632880380230103e-01
1.196673370793526203e-01
6.993799052574280195e-02
7.501359894708814480e+00
1.405516542628238597e+01
2.029142655890654723e+01
1.768500699823711608e+00
1.946029031769890727e+00
1.827692764391199987e+00
7.514825622388331128e-03
-6.886743656859371787e-02
2.072371201858653755e-01
1.869019512507139325e-01
1.733150136028160648e-01
2.018962715327252688e-01
1.314839810234399164e-01
9.014611774068344296e-02
7.478946396229625648e+00
1.398704993199868873e+01
2.049141678171144676e+01
1.779184910191685898e+00
2.041630660443564338e+00
2.608904137964923375e+00
5.963061532666011529e-03
-5.452038322330937659e-02
1.948977715268569166e-01
1.797002509716819352e-01
1.607120363869689594e-01
1.425746502069297206e-01
9.954131845997161998e-02
6.900889410575541949e-02
7.608224165988109355e+00
1.417995250464960755e+01
2.052073188970641127e+01
1.351925001045893415e+00
1.354680166783218231e+00
2.302562876541400350e+00
3.072447826647397955e-03
2.276314975355700487e-02
2.035070087431847530e-01
1.834456258284437591e-01
1.707912337244799628e-01
1.748190032806960503e-01
1.150321086889772026e-01
8.677315775801144881e-02
7.575477497674309113e+00
1.410500503768313330e+01
2.046535079398573131e+01
1.543777997327592466e+00
1.580661981828031859e+00
2.524281314075033311e+00
4.324289568753749216e-03
-1.364345521217061492e-02
1.930043298283639630e-01
1.661136789460926078e-01
1.705332721856553935e-01
1.577683586022937401e-01
9.825488824772725394e-02
8.003879594344839865e-02
7.602540716100206986e+00
1.402946901246034273e+01
2.056192655113899193e+01
1.472356277266016145e+00
1.838726499282858029e+00
1.953302936185128402e+00
4.263062766149260975e-03
-6.385918923436747184e-03
2.078805648692544084e-01
1.778240552185559875e-01
1.845400177611912218e-01
4.800865162206671699e-01
2.993549895126857430e-01
1.375758705358784417e-01
7.195141147824468675e+00
1.345607584938195700e+01
2.023858033194414219e+01
2.759001538822155375e+00
4.207296172681687985e+00
2.873626217463851606e+00
2.414420585555735951e-02
-5.454223569640003211e-01
1.882795145906535073e-01
1.639750580952791248e-01
1.580889153626169052e-01
1.862326552536386348e-01
1.221986180554584661e-01
1.112681901379776739e-01
7.477260637715898106e+00
1.383321533467457520e+01
2.053778981289764616e+01
1.956275893670738286e+00
2.135520668349650819e+00
2.994735907550109211e+00
3.628116484936029507e-03
-4.303485083305653297e-02
2.186440678653166492e-01
2.153338933465176186e-01
1.917386462303117267e-01
1.722266968724457115e-01
1.426631917530007121e-01
1.015097068637008243e-01
7.508222161175305054e+00
1.366513140817516181e+01
2.053324377419673397e+01
1.308047633214928007e+00
1.544663388882163479e+00
1.986555639448045030e+00
3.530027308059619732e-03
9.157699639548195700e-03
2.102029536865880344e-01
2.003804680247024128e-01
1.854856193536472686e-01
1.481722736365074511e-01
1.136923558993098854e-01
8.588576317086495104e-02
7.464397178503308972e+00
1.388180042870249764e+01
2.047440833438349728e+01
1.391246921191602981e+00
1.524325444903734450e+00
1.998271547884201693e+00
2.934330504277495814e-03
3.207621285358328023e-02
2.021270187295344523e-01
1.819937884441483744e-01
1.792356125478510309e-01
1.426394602310393500e-01
9.792871417875589901e-02
8.626312329653529343e-02
7.492428343080367981e+00
1.382028786112990737e+01
2.026005856779859471e+01
1.596773642858877906e+00
1.646111389797609181e+00
2.015652746892266034e+00
2.630613599546450642e-03
3.147323335475515210e-02
1.883050961354586217e-01
1.633409758700678505e-01
1.615353877170393471e-01
1.387733518847862890e-01
9.373707244976461905e-02
8.236705968220472962e-02
7.552371293190971002e+00
1.375522853868104356e+01
2.018648219581388048e+01
1.381285324930499492e+00
1.879934567661361466e+00
2.202060606269255150e+00
2.448348161141341954e-03
2.072663061080273761e-02
1.845366054676868539e-01
1.631485339909340970e-01
1.565575454053732551e-01
1.464541634651886082e-01
9.199052493313211731e-02
6.760750755918100430e-02
7.411238155411244755e+00
1.368158884035502787e+01
2.004039504902495139e+01
1.612104715415602296e+00
1.717086379283969233e+00
2.203099221264832597e+00
4.013042180911155499e-03
-7.289891702400396584e-05
1.953608764812468923e-01
1.679878137480735889e-01
1.579579404439715451e-01
1.507718748166748390e-01
1.003611846019902137e-01
7.791929351843407403e-02
7.491523440918161469e+00
1.368477817007246955e+01
2.030836493334924242e+01
1.313428395015129535e+00
1.832768517388293938e+00
2.421967116055443014e+00
2.926848857108383956e-03
1.189462183190689512e-02
1.647719514495019633e-01
1.657217699400559408e-01
1.720373710200122641e-01
2.092348969864918917e-01
1.404103563388614806e-01
1.017628753723933271e-01
7.347508783172275848e+00
1.353000653531842623e+01
1.980991527973884203e+01
2.346711845846332523e+00
2.466293924519372460e+00
2.134913518990044778e+00
8.905804478868722257e-03
-1.320761331493372215e-01
1.793850153194279651e-01
1.789814428341301999e-01
1.712919176547043620e-01
1.462233011936863447e-01
1.111209680541165590e-01
8.746105455681961460e-02
7.507355686891127533e+00
1.354283036851257904e+01
2.002927911770216340e+01
1.676249395463355496e+00
1.771468585148452846e+00
2.462262602846478465e+00
4.188786082703782089e-03
-1.035440708532872796e-02
1.927775214724566644e-01
1.984495816074560159e-01
1.904566362533689494e-01
1.336922071014327584e-01
1.119887926547745438e-01
9.260307735836427467e-02
7.668449669886303610e+00
1.379786335484920556e+01
1.983727650762123673e+01
1.285002360969074608e+00
1.459859154056045938e+00
2.154777880560495795e+00
3.282046107268644323e-03
2.509012452111043096e-02
2.198186053523595307e-01
2.168787004148282904e-01
2.181429807309518687e-01
2.006463305353988480e-01
1.338243338489238654e-01
1.194899828423417187e-01
7.251500924940209813e+00
1.363571769475316486e+01
1.969943966879346675e+01
2.350326797397906731e+00
1.623190978147267538e+00
2.107901355994378001e+00
6.031686323349931544e-03
-3.602297413377840429e-02
2.048837755299105501e-01
2.255759769536809511e-01
2.295877299433508600e-01
1.563010698194316761e-01
1.443240526644211097e-01
1.258094377335157998e-01
7.501595856452245137e+00
1.366996051792878575e+01
1.994687064875796523e+01
1.330959755429725000e+00
1.357394939990123728e+00
1.487064718015588927e+00
4.452890929041585129e-03
6.741836736216385781e-03
2.158389269185174153e-01
2.371001887254421958e-01
2.230224854813823987e-01
1.661880207871982706e-01
1.528848161208906375e-01
1.161410021109396395e-01
7.525287068702656512e+00
1.371919084190130711e+01
1.994424621787076291e+01
1.300857707062172519e+00
1.313316727801329353e+00
1.627281702317185719e+00
4.626009226520157169e-03
6.300725894410949025e-03
2.120673029482297856e-01
2.296231298576595636e-01
2.284915515564637234e-01
1.827910788346299720e-01
1.554853134038770290e-01
1.263187207796574729e-01
7.549021800158023154e+00
1.377832026966213874e+01
1.993119904502342621e+01
1.398408166614970138e+00
1.330756585004787551e+00
1.657831753049580303e+00
5.867869196859793607e-03
-2.403118900803256214e-02
2.137597092085755102e-01
2.311353624203273671e-01
2.370292135858165783e-01
2.173898100977714742e-01
1.715262309251134043e-01
1.334544047081190898e-01
7.431606920002852945e+00
1.354773809708964194e+01
1.994262663607399233e+01
1.712818798503685125e+00
1.589956378543720072e+00
1.680092603407921548e+00
8.507815238536192703e-03
-8.007879329255719603e-02
2.207923560466318602e-01
2.400647526108216911e-01
2.351412911553789620e-01
1.689299596224758115e-01
1.557779182145875296e-01
1.294741038274162259e-01
7.529120702436199686e+00
1.370097548578411484e+01
1.992192163942853256e+01
1.191563169393009991e+00
1.211534098287574635e+00
1.485683913359779673e+00
4.371840347324496522e-03
1.133189414580257001e-02
2.333539987438494612e-01
2.375981275828185080e-01
2.464763957479211010e-01
1.839167765518827935e-01
1.511751464510675824e-01
1.316472664179779706e-01
7.533592644210589384e+00
1.362251038548897064e+01
1.978232955312219588e+01
1.207859170086382994e+00
1.327432093078129816e+00
1.342075940907856646e+00
5.333810062015603183e-03
8.337811407039178281e-04
2.367321713994861021e-01
2.586922901484901005e-01
2.597830597747761150e-01
1.666292630239707417e-01
1.579893216516773669e-01
1.378262785947078073e-01
7.594955123643274852e+00
1.364679670847376336e+01
1.985690111901218557e+01
1.108457754614720958e+00
1.126385500041099830e+00
1.355919569726732554e+00
4.275496133443240990e-03
3.067598120741912848e-02
2.316553383034916369e-01
2.525664940862229479e-01
2.643239114995288852e-01
1.773106469086689063e-01
1.570181321776349670e-01
1.403528816619268038e-01
7.566980473824457043e+00
1.358425246266527431e+01
1.976329369195030594e+01
1.368847736767486278e+00
1.377570164613413528e+00
1.511187518021270160e+00
5.733515846879293047e-03
1.017359907254828571e-03
2.526521623341292933e-01
2.797309609626118521e-01
2.788717628423703632e-01
1.992053884489136117e-01
1.819411942715079833e-01
1.467651599129209394e-01
7.540952312587309692e+00
1.356706495415635949e+01
1.972989740345963483e+01
1.230457781471652190e+00
1.278899707959886722e+00
1.390133349842284760e+00
6.470175304013324816e-03
-5.070442104579831431e-03
2.633827811107065098e-01
2.801685022256993896e-01
2.993849191515702279e-01
2.304009324467013453e-01
1.954917532690325643e-01
1.721017714961481371e-01
7.551928484852390433e+00
1.358602779658028048e+01
1.989347424671767683e+01
1.265249889139144823e+00
1.445744636959164664e+00
1.430368588481554459e+00
7.700904277703318410e-03
-3.806910984236554218e-02
2.515554451397608582e-01
2.904044379985635249e-01
2.890495663124050263e-01
2.038663974703679160e-01
1.922073801034127061e-01
1.500604698215136368e-01
7.567725411224500931e+00
1.374367427441900880e+01
1.994754397511383104e+01
1.179601006318759193e+00
1.210398346883711396e+00
1.335344791529221142e+00
7.371120488379396922e-03
-1.692909293975447191e-02
2.393727887015665579e-01
2.753792017961401162e-01
2.898440013458073450e-01
1.885568157345143825e-01
1.798245898784766594e-01
1.573018476490640749e-01
7.612644347444272874e+00
1.365736294222555536e+01
1.986988217142213387e+01
1.249810219515884224e+00
1.389474388009292127e+00
1.386995745568008420e+00
6.708909002051364166e-03
-1.127005682195124370e-02
2.572985720380319696e-01
2.839215602524136073e-01
2.903749907108070238e-01
1.828062245394259655e-01
1.731251700930543924e-01
1.512693544158632553e-01
7.545924634958154797e+00
1.373855111692819264e+01
2.005111798845515381e+01
1.140086083105307901e+00
1.249925104188027714e+00
1.347501377248974341e+00
5.204884476382194008e-03
2.670343952578665969e-02
2.418323405516948910e-01
2.970419636223863846e-01
2.799745392412800182e-01
2.112463642520199802e-01
2.091742773829758650e-01
1.526739308698397413e-01
7.531705506303652875e+00
1.371817291576889808e+01
1.999197194354593421e+01
1.490535231450307085e+00
1.403471473149744408e+00
1.722222448514250104e+00
7.773989523097386833e-03
-4.106588877780296271e-02
2.518626665693249889e-01
3.035613914998598339e-01
2.869727471941815877e-01
1.610512282916728710e-01
1.801645174610255751e-01
1.409624603188164293e-01
7.686236027162311579e+00
1.366688492682087386e+01
2.004469453490340314e+01
1.165678094969632594e+00
1.143614426355048952e+00
1.541000988572985397e+00
4.586315210386064135e-03
4.704650285691019951e-02
2.732956770978592909e-01
2.983950022920870970e-01
2.829449657853240763e-01
2.110929505962323149e-01
1.856594671799588758e-01
1.281128112434373190e-01
7.529718978758096704e+00
1.372994369781399016e+01
2.009604958992809287e+01
1.267060757214875322e+00
1.382588596722776453e+00
1.523128705475065958e+00
7.384157636125158325e-03
-4.047315247794433524e-03
2.499560642647754571e-01
2.854466999082030942e-01
2.819256773376493941e-01
2.450389498201494820e-01
2.047458254844390368e-01
1.459454002920332893e-01
7.507478753812030448e+00
1.381383687838594909e+01
1.999828085277985679e+01
1.832728006520561115e+00
1.676419783640907823e+00
1.479748029533476839e+00
1.020092238118350605e-02
-8.719955729879591555e-02
2.505871657217004778e-01
2.901538974633103285e-01
2.676193506511808651e-01
2.116067706564091766e-01
1.999405662672558981e-01
1.454003552598285565e-01
7.593648478819370773e+00
1.388822977227502342e+01
2.022941098871472221e+01
1.580089733208712266e+00
1.530957604426477436e+00
1.856448463562381690e+00
6.585067030646913830e-03
-2.526345284207025949e-02
2.258646812719633246e-01
2.670960809860790097e-01
2.428214597495901850e-01
1.738947327624187633e-01
1.718316965556879738e-01
1.145081092490146668e-01
7.616707475023830831e+00
1.388266850714396483e+01
1.991296119731418912e+01
1.419156176431136007e+00
1.415791964609428355e+00
1.484866894306774654e+00
6.105351386445240572e-03
-4.524986930546802746e-03
2.211949129763307875e-01
2.800663990240735424e-01
2.517282942928468215e-01
1.809837131710008984e-01
1.965398895635559751e-01
1.432371750178990932e-01
7.659923541632513988e+00
1.422014121663224451e+01
2.021661876059445007e+01
1.606417030104496879e+00
1.563570901413750436e+00
1.804406283461981619e+00
5.281333905247089129e-03
-1.370602369140790956e-02
2.596123459316435067e-01
2.752514326870297845e-01
2.549736901138300871e-01
1.929017604290972632e-01
1.728914948462446366e-01
1.207351951072503371e-01
7.619056085395860656e+00
1.407082195630623644e+01
2.008447695329671134e+01
1.180750109732192410e+00
1.619126380513001395e+00
1.510860458987885346e+00
5.304125077093855417e-03
1.430658137631396314e-02
2.496512010778986768e-01
2.780740134391981311e-01
2.560385776089492138e-01
2.083437708905282182e-01
1.866530571010737161e-01
1.274394823401733268e-01
7.584712057882173397e+00
1.411348726815689680e+01
2.008326208908462363e+01
1.519386490997646222e+00
1.710492433737283324e+00
1.707276430609449003e+00
6.754372508302516204e-03
-2.424586386462957224e-02
2.431859479331203999e-01
2.684052266686279831e-01
2.401394726379393330e-01
1.992219895327377310e-01
1.793994414712175300e-01
1.216339311240548088e-01
7.577010830623174265e+00
1.406170391524898378e+01
2.024009181640104416e+01
1.469356008827557236e+00
1.599213058760128980e+00
1.909132821437788063e+00
5.813645815106342762e-03
-1.307458405583043944e-02
2.308538101401199638e-01
2.865823542012322367e-01
2.476817995582428766e-01
1.732586724868266648e-01
1.875015894163989949e-01
1.154207050431211162e-01
7.633300825932714417e+00
1.423909755789571641e+01
2.036548816860567968e+01
1.475472301125118291e+00
1.534495684304580054e+00
1.541096367187136051e+00
5.699535563889299335e-03
2.822528435375665570e-03
-3.312674377139779303e-02
2.789142898127386916e-01
2.455960045231068145e-01
4.757482334514410383e+00
8.713523075575713150e-01
7.135460149368348937e-01
5.337512103112635131e+00
1.425526560523705655e+01
1.976596545505636371e+01
8.499733426290708493e+00
3.707927266006804778e+00
4.134050321856109989e+00
2.084781461357170795e-01
-6.085934717549362105e+00
2.421639184968434055e-01
2.956078006718122486e-01
2.607041424159170506e-01
1.646535586168809961e-01
1.801760763924631636e-01
1.225833883064403468e-01
7.705352917910319732e+00
1.452049283784525890e+01
2.036815777497274738e+01
1.317890483399142498e+00
1.278516776152371248e+00
1.590866182335232804e+00
4.632176395283534205e-03
3.378759418461472347e-02
2.350073442354818909e-01
2.803005022064465335e-01
2.537804813787220559e-01
1.661929353739970694e-01
1.720850049581240104e-01
1.196646716742071487e-01
7.572352830586090988e+00
1.451785765641966108e+01
2.023182249602515625e+01
1.296366623553267816e+00
1.351060954439988082e+00
1.475455583146266347e+00
4.924618701909482324e-03
2.364558782456705963e-02
2.435949938114784219e-01
2.983752499801093916e-01
2.403102513879155633e-01
1.635542552249012738e-01
1.798265972941846536e-01
9.584074105334029758e-02
7.650535519386726158e+00
1.459798364372368695e+01
2.017769144629759737e+01
1.245320557812048312e+00
1.275537356109414322e+00
1.538489710555630774e+00
4.884225591994644129e-03
3.538575269061773609e-02
2.407344783298163426e-01
2.758240661841880881e-01
2.310691826022732154e-01
1.771860685348859710e-01
1.745515870035579120e-01
1.088972752218377582e-01
7.709019913262200596e+00
1.447725434021021584e+01
2.028239033570167038e+01
1.382339013013022422e+00
1.354811780325156478e+00
1.756271518319583169e+00
4.477705912045697005e-03
2.022101386978573945e-02
2.345488039746979059e-01
2.755458396804441046e-01
2.293778234076633282e-01
2.369088248533573748e-01
2.063600035436189417e-01
1.245605121412608624e-01
7.613960475211892565e+00
1.436494717435905422e+01
2.018415695198828175e+01
1.945892162689017546e+00
1.718635929303184540e+00
2.166102433939342653e+00
8.053124655546511218e-03
-7.982820256653923308e-02
2.440684666825914950e-01
2.955902251098166400e-01
2.390796540682981197e-01
2.070570543793826546e-01
2.056529201390681905e-01
1.205105187720675597e-01
7.602672399924983004e+00
1.438012831505838918e+01
2.026800015997351778e+01
1.666270039840102246e+00
1.543890818801580744e+00
2.005941129842245818e+00
6.150548191840111110e-03
-2.284341843738217290e-02
2.434231933701272999e-01
2.873012618369604199e-01
2.352158890315297624e-01
2.118041684713160566e-01
1.973338366983158898e-01
1.025186137988390589e-01
7.620628906854856055e+00
1.448563232538547929e+01
2.015942324191303214e+01
1.663243145478813911e+00
1.568615579158685991e+00
1.408352100280582109e+00
7.534429007238108156e-03
-3.686682714693328977e-02
2.633915143172296247e-01
3.064297787824075137e-01
2.269340469452889031e-01
2.054200853247504510e-01
1.913948808280790670e-01
7.417274907077194002e-02
7.631945947916554118e+00
1.459521049321528885e+01
1.999615086127650443e+01
1.436873432629939940e+00
1.285463124232103738e+00
1.586304091989354070e+00
7.222511486357049287e-03
-4.659213108417223706e-03
2.820205751468219391e-01
3.096587235963199625e-01
2.354164150056728966e-01
2.193034685453776056e-01
2.022366008157422124e-01
1.027743315249227962e-01
7.757545210880014253e+00
1.454999561559252363e+01
2.025822001263190941e+01
1.293879203277097600e+00
1.401848029571800991e+00
2.028293313363024986e+00
5.359349416306556299e-03
1.024326132949849449e-02
2.847583486976900669e-01
3.106822887949533540e-01
2.524977477941638404e-01
2.093945707605231743e-01
1.900026674945269611e-01
1.078158914574663396e-01
7.671302228360049824e+00
1.451334993901041237e+01
2.059761877600054092e+01
1.443925103793945786e+00
1.433138628900340938e+00
2.092551311052719409e+00
5.221035861489881774e-03
2.457259654367172780e-02
2.745844433000609319e-01
3.135386386088673816e-01
2.388405224459665965e-01
2.088712478203392231e-01
1.962624183991083238e-01
8.841082439455175135e-02
7.711823853096870351e+00
1.458853465206595601e+01
2.059057402449531082e+01
1.318789017139866182e+00
1.334782280032477342e+00
2.066494608199239913e+00
6.417158879372410890e-03
6.880226572804770332e-03
2.914561999325744335e-01
3.212200382894700446e-01
2.535259983373946424e-01
2.511413183188913600e-01
2.164374163722899147e-01
1.042797260917200097e-01
7.651163708390694040e+00
1.453114933660363306e+01
2.054274505880369972e+01
1.500292428474120587e+00
1.587448851977197650e+00
2.012838213174337643e+00
8.136242280382191550e-03
-3.535883656239389994e-02
2.835462244515540853e-01
3.421397216450836054e-01
2.494108017062232896e-01
2.162124278230298513e-01
2.264763168950734984e-01
1.127316167662165969e-01
7.699248519962295312e+00
1.464616499777410397e+01
2.052502090970078896e+01
1.412284486946739248e+00
1.272346238699622045e+00
2.208016030470070223e+00
5.240775946552048148e-03
1.638832701493592517e-02
2.871098085588282833e-01
3.377734318407965564e-01
2.545239107075090157e-01
2.603251290485110170e-01
2.430763780578159283e-01
1.141549577028929119e-01
7.668720206173431642e+00
1.446997595898997346e+01
2.072829419142015794e+01
1.561906461905837595e+00
1.511548121335733796e+00
2.090250733888669110e+00
8.484762598575262132e-03
-5.257509151570961131e-02
2.783076713943625768e-01
3.483635283310866360e-01
2.489927232475631080e-01
2.281979743189392895e-01
2.331067758078534391e-01
8.768688048438452731e-02
7.650067368323937522e+00
1.465923930838346223e+01
2.056379448526180909e+01
1.447509291576978052e+00
1.298785953434530072e+00
1.752330928769281204e+00
8.280335388062097859e-03
-2.255894580171767874e-02
3.008334829700303747e-01
3.416436804707199681e-01
2.594742789066718514e-01
2.747019839652395379e-01
2.616776552281020463e-01
1.697728404987557116e-01
7.712365124068306876e+00
1.447726486907511934e+01
2.117418356186028916e+01
1.557181393424495131e+00
1.704631605314725684e+00
3.096771889411950696e+00
5.064404459939615688e-03
-3.708287969213691637e-02
3.150482318629086453e-01
3.527572951171729088e-01
2.637349596985416600e-01
2.658453630716760552e-01
2.521128301054960663e-01
1.344923550582107219e-01
7.682550355124175390e+00
1.452434099746165508e+01
2.093574170426310843e+01
1.275840924893846706e+00
1.491354372163172792e+00
2.418921463772564451e+00
6.068659003352522806e-03
-1.319125835214512120e-02
3.071221562682022177e-01
3.575443612446034258e-01
2.572127437778188863e-01
2.664389590850450573e-01
2.449799280168611926e-01
1.031557721201996347e-01
7.643813783685795116e+00
1.457812836771345744e+01
2.065378263591070507e+01
1.513952312375213660e+00
1.362604810739731942e+00
2.330631038061069304e+00
8.485585892107858422e-03
-3.649428098448916774e-02
3.171797431535787193e-01
3.628197948086906433e-01
2.583242832721507343e-01
3.049308853532090025e-01
2.757674798416576700e-01
1.242233561827065236e-01
7.645665359993643051e+00
1.441510686046603595e+01
2.100628925211409026e+01
1.598963542982800856e+00
1.559085458093219412e+00
2.482626391857711834e+00
9.054304460375708907e-03
-7.501424742309757698e-02
3.139534898745730551e-01
3.512091516190568585e-01
2.661915258974700826e-01
3.067143660367345204e-01
2.608791147553077838e-01
1.296969668235072870e-01
7.656742459098822451e+00
1.453248669383920166e+01
2.081283123744523422e+01
1.705424576758806321e+00
1.601665691985098450e+00
2.458773887186778140e+00
9.581880991604998718e-03
-8.393162110953976407e-02
3.174922862751967112e-01
3.530435290727473308e-01
2.509417686612364085e-01
3.069998700191314267e-01
2.639625986814963521e-01
1.064459128384869363e-01
7.647384681679943341e+00
1.446836070924069340e+01
2.114210247644377816e+01
1.632575653994025489e+00
1.679972210984659098e+00
2.566508563321516334e+00
9.830330710964677726e-03
-8.349625137638250205e-02
3.053644302324041160e-01
3.572892865050573685e-01
2.654123547806220840e-01
3.779393969999910730e-01
2.929919025460965831e-01
9.804666112273277556e-02
7.615095633781876039e+00
1.446464168663430350e+01
2.071126594198620907e+01
2.011717024172076318e+00
1.761793338598132586e+00
1.684719166647698829e+00
1.751782600916806237e-02
-2.257521268189420227e-01
3.050911100282766020e-01
3.630994688101510937e-01
2.462077799449586823e-01
1.787786677739716112e-01
3.148852211196551676e-01
7.503652627232213490e-01
7.894870549495313305e+00
1.447458356778651201e+01
2.279052861809137198e+01
1.022019957692740899e+00
1.781335886508805144e+00
6.421952440085902047e+00
-3.397010980456660612e-02
2.553870485627328102e-01
3.122106479406373536e-01
3.353407815305617379e-01
2.639993462485726861e-01
2.909272769417263760e-01
2.362841148986793427e-01
1.096855100358766627e-01
7.562182383266105035e+00
1.437776981146476984e+01
2.089525363302486838e+01
1.625828903462902986e+00
1.630677500700993932e+00
2.181875635867059682e+00
9.787850141282781330e-03
-6.838831880744530856e-02
3.213415172534646591e-01
3.383766206972962376e-01
2.681111027457544482e-01
3.524311485715428960e-01
2.627500843093824590e-01
1.094671739877922795e-01
7.601360438922051266e+00
1.434105121036245833e+01
2.075316852837569925e+01
1.706197517177772793e+00
1.715780254324172915e+00
1.939962890941709706e+00
1.404122939652893351e-02
-1.561455432603412463e-01
3.233346027633804964e-01
3.266498343272054572e-01
2.712611332307092171e-01
3.624991527610463837e-01
2.430885332852481817e-01
8.913698439424597164e-02
7.531276282664812527e+00
1.427538952775496561e+01
2.051431979258438787e+01
1.766934035977949069e+00
1.769433960343680612e+00
1.596510039929930125e+00
1.645090101768036800e-02
-1.800443125010388334e-01
3.474671319849312878e-01
3.508743225201779725e-01
2.858257574322409789e-01
3.358123597279175088e-01
2.527848399925839429e-01
1.184235715591233223e-01
7.575332175640224541e+00
1.433414529957118511e+01
2.098014895491621346e+01
1.444078819793729096e+00
1.652717632260444658e+00
2.141948999273188825e+00
1.151701184590135651e-02
-9.280099494229569757e-02
3.266172785884344787e-01
3.500317759762632819e-01
2.802886233396357785e-01
3.308806093202484311e-01
2.936361217900010367e-01
2.141416828625348212e-01
7.576814854688706191e+00
1.424197601786583967e+01
2.154857828274350595e+01
1.557176886874126254e+00
1.871587638946924592e+00
3.391599338733684021e+00
5.843774656818130631e-03
-8.191773740748542476e-02
3.352548855827089391e-01
3.591678659949509855e-01
2.464048407596826085e-01
2.433890848539286278e-01
3.294722375692385463e-01
9.315220278780440566e-01
7.748518276494585244e+00
1.425146433581598160e+01
2.345488727407860452e+01
1.177740072165461616e+00
1.935419882168038619e+00
7.592653512796655235e+00
-3.750305871033735722e-02
1.791986635954891938e-01
3.367521482933830690e-01
3.705765190554348165e-01
2.870405873118016538e-01
4.228164407233317434e-01
2.963238372505091478e-01
7.429692154306151430e-02
7.536426165499264584e+00
1.416922775659245204e+01
2.076003427833413184e+01
1.842510894749113115e+00
1.700268764994564252e+00
1.338902289729925643e+00
2.202807030238396538e-02
-2.711024046823912181e-01
3.320045545487715910e-01
3.426380759865575443e-01
2.792561063385029518e-01
3.983196799830895363e-01
2.698953296511297784e-01
8.648102896676644613e-02
7.515167104628155847e+00
1.417461113818267116e+01
2.059167956218109552e+01
1.785121906123082747e+00
1.778899422275148190e+00
1.243654890734799956e+00
1.921715290247713592e-02
-2.294862802864824081e-01
3.306365106453147407e-01
3.579702100278810417e-01
2.742227045127889618e-01
2.262499435646297685e-01
3.228100261122537340e-01
8.033037151339060822e-01
7.849942189177293805e+00
1.429199725911863794e+01
2.288387533455352596e+01
1.136201796038774026e+00
1.938896371865812318e+00
6.444675246799323354e+00
-3.318362158450469807e-02
2.133613425538969377e-01
3.337860233077630800e-01
3.394326734569738657e-01
2.732423566094765444e-01
3.602086089505888711e-01
2.632130863030552326e-01
1.175683640526313661e-01
7.569128700452457004e+00
1.424268747202808250e+01
2.107809679494333821e+01
1.671328586794335491e+00
1.733870815186242087e+00
2.313774475273348674e+00
1.337989485832735692e-02
-1.476913764733370493e-01
3.269582454704113572e-01
3.400165546411770268e-01
2.733860387310855788e-01
3.307463847147754654e-01
2.561755302561634084e-01
1.260827253046047647e-01
7.602911095551991849e+00
1.417490421731380401e+01
2.078928902968593206e+01
1.566258749703729247e+00
1.530791233747101021e+00
2.096048429846874228e+00
1.135696068257011256e-02
-1.064247813916528729e-01
3.182267968053239526e-01
3.197300705538786425e-01
2.767581119967880143e-01
3.770384466574936977e-01
2.601069910434086196e-01
1.208025639099735149e-01
7.530391991703166532e+00
1.410633567269757371e+01
2.069662627718205528e+01
1.826289935365815742e+00
1.856989849404991011e+00
1.748457060714942779e+00
1.593626718123497890e-02
-2.001217603844289150e-01
3.270779461869076643e-01
3.263206604616317175e-01
2.847308231233566245e-01
3.314407952341618113e-01
2.449228535388449923e-01
1.356593099116811807e-01
7.524498873868117776e+00
1.406559268555314013e+01
2.055325057171144465e+01
1.587246575855894903e+00
1.696310636482349921e+00
1.783017058930255416e+00
1.157764104585743033e-02
-1.094065670210456614e-01
3.211857760289804631e-01
3.117699550774168937e-01
2.865993233340490831e-01
3.265295542667231987e-01
2.270125725161296626e-01
1.271827895098002759e-01
7.507704637692801164e+00
1.389052352500385901e+01
2.020230889661244689e+01
1.561015531739447848e+00
1.638270191179644009e+00
1.435685557918481292e+00
1.269870792010286721e-02
-1.163190702686584532e-01
3.306870793924850949e-01
3.288012777792430064e-01
3.054052004217852057e-01
3.339252307965200339e-01
2.472013545584275107e-01
1.461167344529437917e-01
7.530999252778299180e+00
1.384632354232577001e+01
2.034969315506001308e+01
1.426318114565451767e+00
1.671588362634684355e+00
1.493976676950648175e+00
1.258056026247591531e-02
-1.161253764969869123e-01
3.096848872439798006e-01
3.248806964658574326e-01
2.827257506363130002e-01
2.734379715373041475e-01
2.207723961384561173e-01
1.339821100949167565e-01
7.545080459961230446e+00
1.399099366015032864e+01
2.023877640672275646e+01
1.445648202569628449e+00
1.287552309450717747e+00
1.709178397692904916e+00
8.733302722219213332e-03
-4.050300733492674665e-02
2.941251426241716649e-01
3.066772762119873708e-01
2.918966713371033417e-01
3.240584113951008871e-01
2.347082322459989878e-01
1.523463372262558180e-01
7.452727053527794965e+00
1.389050838154413015e+01
2.019866530173029773e+01
1.838229649266750476e+00
1.497505473125334552e+00
1.540803019234119997e+00
1.291402285250394140e-02
-1.404199777043740605e-01
2.916279101203338997e-01
2.982652685635060474e-01
2.859742336997515011e-01
3.177832320726103887e-01
2.274874340670466621e-01
1.458828972234457455e-01
7.445901307025224014e+00
1.389460917820578700e+01
2.029713495050349792e+01
1.723722215559255311e+00
1.513346981203105734e+00
1.557009172869794567e+00
1.265078465387507040e-02
-1.343365032158861383e-01
2.917391945341770154e-01
3.050710870361023064e-01
2.879056657284531084e-01
3.259197823218624723e-01
2.355950172009790289e-01
1.494212463116268153e-01
7.441894239237435649e+00
1.393854748568232438e+01
2.017887198261328763e+01
1.820188861172798989e+00
1.516480723509755046e+00
1.576234289437054459e+00
1.314537601253208676e-02
-1.464345171001977530e-01
2.926354256654246089e-01
3.056807499091210301e-01
2.990451286262946207e-01
2.773589903320169969e-01
2.197604972105334509e-01
1.609548260747258874e-01
7.473069685875969981e+00
1.384142114960011760e+01
2.009537806400082971e+01
1.490311659837110225e+00
1.311637318113402451e+00
1.237573570012236557e+00
9.524155128382501972e-03
-6.637372439938005186e-02
2.946064862529165773e-01
2.949050031487179813e-01
2.885376205729394128e-01
2.974510172022771237e-01
2.186781457786032556e-01
1.568105087880954929e-01
7.512408481351134704e+00
1.386072532775574118e+01
2.016025673297355425e+01
1.580084596755945592e+00
1.411117636031485434e+00
1.445972539526088729e+00
1.042637947682866460e-02
-9.349090352771820267e-02
3.319718798744032418e-01
2.879739023636789796e-01
3.016512983604782150e-01
3.136866975076935682e-01
2.026809689395085712e-01
1.702514521649960422e-01
7.567876250493882573e+00
1.380445390700745101e+01
2.007521950941751143e+01
1.371764661865006785e+00
1.440419996018518223e+00
1.519410007189353928e+00
8.952196007859876750e-03
-6.220419260966107700e-02
3.002969551731359821e-01
3.088923614979213195e-01
2.942765831540741228e-01
2.958215588748007163e-01
2.386395683566127357e-01
1.840486683157742942e-01
7.491854800658215296e+00
1.384015507729947814e+01
2.022002444262109577e+01
1.541639295296822976e+00
1.365868286165213830e+00
1.576733304360989019e+00
8.198888493112009221e-03
-7.028940285503755547e-02
2.961574809349131199e-01
2.964105309898416585e-01
2.848810183304916754e-01
2.735507902584375928e-01
2.185548027700059126e-01
1.787166147088297963e-01
7.542174385808111836e+00
1.392128814538052595e+01
2.021584415739945229e+01
1.440863191847943314e+00
1.212023126392056005e+00
1.593705058537464136e+00
6.521436978226683931e-03
-3.697598415229112062e-02
2.912179390212075725e-01
2.893111777073076318e-01
2.991617993325710323e-01
3.063909814828421063e-01
2.230949456305717782e-01
1.775543796348181547e-01
7.523324952648557051e+00
1.387254668088847076e+01
2.020525469499742499e+01
1.672653469957326111e+00
1.474088010164914087e+00
1.387796106280381414e+00
1.053359174095194924e-02
-1.079320076131511652e-01
3.059400646468185547e-01
3.016793206014318773e-01
2.920021891209247378e-01
2.801738270629085537e-01
2.248037512036232255e-01
1.941934912607666264e-01
7.513317161806636335e+00
1.390214179437531605e+01
2.046871469799867782e+01
1.412382770185226954e+00
1.361019787524103242e+00
1.958422430289431748e+00
5.680245013693120855e-03
-3.100890814641962812e-02
3.029416074200415587e-01
3.128665063630541310e-01
3.003102903333335627e-01
2.619144831569726883e-01
2.204646537845253995e-01
1.758769275002747545e-01
7.522015644541196977e+00
1.391616895937831266e+01
2.026630859636860293e+01
1.316511597562166180e+00
1.172970443353013703e+00
1.439231066334379472e+00
6.493811166095861398e-03
-1.721171844838905937e-02
2.868846231263483815e-01
3.002071767968674254e-01
3.032061162501411555e-01
2.476638209881521502e-01
2.111566265128074216e-01
1.824101323937619146e-01
7.462167573915011509e+00
1.385889313913318333e+01
2.028838768219441491e+01
1.374267413450112052e+00
1.205962622107167981e+00
1.363990003312574251e+00
6.305462115659786829e-03
-1.711893572192887958e-02
2.849805873498225117e-01
3.038518289660096516e-01
2.919971871388514773e-01
2.789791312717049832e-01
2.351957744221743474e-01
1.901003121523709427e-01
7.441846298633605805e+00
1.393823662386770934e+01
2.043352964020070672e+01
1.632457889044542698e+00
1.392317791628063350e+00
1.703854494953792820e+00
7.294685205425887643e-03
-6.182793806920706264e-02
2.739919040902354941e-01
2.904649225891808850e-01
2.796985944289626103e-01
2.960014029387966761e-01
2.376174110399973949e-01
1.893845366745746106e-01
7.364338730161249735e+00
1.393710999110787796e+01
2.037407897396028389e+01
1.858514800814035528e+00
1.476895351522441002e+00
1.705532833517477531e+00
8.389165524890312281e-03
-9.841058473170014032e-02
2.882361637625820983e-01
3.038120846893154758e-01
2.833474802360447242e-01
2.583106766306056956e-01
2.242655074686246142e-01
1.817733651742231282e-01
7.540674055483873595e+00
1.401770967238274324e+01
2.037970867316060009e+01
1.496630527948925149e+00
1.236699002944444903e+00
1.664658724830373915e+00
5.523276049351416757e-03
-2.261731628828510948e-02
2.486482048414811463e-01
2.828899778898256723e-01
2.626608097240678563e-01
2.598313641124851969e-01
2.247454393875062129e-01
1.675167616322557340e-01
7.332899867589214082e+00
1.388287482352674296e+01
2.045702858873146823e+01
1.880997329652517314e+00
1.408873925904585267e+00
1.686448283384681002e+00
7.915815180790769165e-03
-8.188851345190366338e-02
2.405470676770863347e-01
2.676469822836586854e-01
2.676493576059436608e-01
2.638089428886037924e-01
2.108217743572431968e-01
1.713763073673515713e-01
7.331686584412764773e+00
1.391918603405494714e+01
2.035764483681447956e+01
2.097642853921969142e+00
1.461110469799164147e+00
1.611789421301631720e+00
8.829346223632022692e-03
-1.004653772246483501e-01
2.284696582121606978e-01
2.863535404986903843e-01
2.625392243459895858e-01
2.282382243465459759e-01
2.207167152637251606e-01
1.640019641920608950e-01
7.368957377157811628e+00
1.391820463537113461e+01
2.043164871306443331e+01
2.043584053041056059e+00
1.449152910272239803e+00
1.685852581957890672e+00
7.305681260308831415e-03
-6.659270830328389845e-02
2.265543574640946911e-01
2.645331531370854750e-01
2.487646743886933742e-01
2.623755147823361722e-01
2.186723060092230497e-01
1.610609802560727666e-01
7.377751492662580013e+00
1.391712106682942718e+01
2.043906571177034337e+01
2.146774543729067286e+00
1.559763161060568892e+00
1.766917550575272333e+00
9.145958589270072880e-03
-1.179631477417169144e-01
2.296802404931139185e-01
2.602926177825320986e-01
2.626901801667871905e-01
2.063841615681082653e-01
1.868436007103020102e-01
1.513096644281704262e-01
7.417674681630911593e+00
1.386374066186725962e+01
2.040375054809533495e+01
1.604039886793007019e+00
1.505947921051583149e+00
1.363827946997251850e+00
6.691439058537833849e-03
-3.765959351291806034e-02
2.218895092230620258e-01
2.742563280456575825e-01
2.585140460965681397e-01
2.327847185036950317e-01
2.092073616871715225e-01
1.651369848399321660e-01
7.303317500247013427e+00
1.396232491014424859e+01
2.053177299284059387e+01
2.520918375688597557e+00
1.513058179931063840e+00
1.675111124690100262e+00
7.442525987527574653e-03
-7.812737935057259553e-02
2.125345020294240606e-01
2.586019538206713042e-01
2.511709737762055639e-01
2.321035737451591363e-01
2.037097922900368008e-01
1.568157753423533307e-01
7.281658688157012449e+00
1.385428097593704422e+01
2.041717051770368130e+01
2.275876795059088575e+00
1.577153932407563630e+00
1.537336728780321460e+00
8.316962169973473457e-03
-9.334029438173221949e-02
2.096861611113038648e-01
2.636690134826832899e-01
2.422624744610212821e-01
1.790256269700294667e-01
1.884645371464144792e-01
1.444858788705412900e-01
7.362518040482775916e+00
1.387429896330348633e+01
2.031387752019004012e+01
1.775601761139190327e+00
1.168682595726977302e+00
1.441487200188786177e+00
5.053737516001481980e-03
-1.419670000439478275e-02
2.096712227344225687e-01
2.471095318801052598e-01
2.278466529367675630e-01
3.073178553469838037e-01
2.263308656253598117e-01
1.532186188317751219e-01
7.270046450621665102e+00
1.389838465336696771e+01
2.023573401967918173e+01
2.694143480420165382e+00
1.837838379853942383e+00
1.813306765917256369e+00
1.242464617097751092e-02
-2.070715373080731225e-01
2.086517725298116244e-01
2.422027376119544606e-01
2.422983269751847746e-01
1.908209530793405773e-01
1.731414558003036563e-01
1.445066813961921881e-01
7.300885221465981623e+00
1.392813226634793189e+01
2.034185881755623626e+01
1.928924876907821995e+00
1.480279483780823302e+00
1.463157268744327499e+00
5.915439096259999738e-03
-3.538127240289749842e-02
2.273331527179851264e-01
2.657932831196775925e-01
2.512658371005853652e-01
2.134735315999782834e-01
1.902606747348738470e-01
1.353851633782401920e-01
7.417658539208721535e+00
1.405008870588451408e+01
2.034689958176801028e+01
1.867360515731351089e+00
1.493295242097169462e+00
1.393547916579175094e+00
7.600030731410292381e-03
-5.324903882148170065e-02
2.095850208290121752e-01
2.522709927879067116e-01
2.430314272637024153e-01
2.201678172363837893e-01
1.907268953643597165e-01
1.413348478125213137e-01
7.355368664895031827e+00
1.397841888666604504e+01
2.033296742747275232e+01
2.118332099153207970e+00
1.555960043907359980e+00
1.635608796684724808e+00
8.319197870486341392e-03
-8.395958119179558476e-02
2.060649662101934343e-01
2.289261328665131434e-01
2.319003483412529487e-01
2.942514525006075798e-01
2.063923646121332001e-01
1.629195838379876027e-01
7.123290766950557185e+00
1.386934551957034678e+01
2.040211719572178239e+01
2.774216793657564128e+00
2.044980544209056283e+00
2.025467834309548909e+00
1.110908055766259006e-02
-1.883937872834224037e-01
1.967259894955737110e-01
2.267685208646379458e-01
2.139010762770287566e-01
1.671206078053645294e-01
1.519998190397686688e-01
1.168396934222976080e-01
7.366404692160815948e+00
1.391642530100642183e+01
2.035597124605973107e+01
1.902951696686340899e+00
1.291536386071198583e+00
1.566150137897717620e+00
5.037087071483278486e-03
-1.486261406449944367e-02
1.961597363703410368e-01
2.217535256557927326e-01
2.027493823393039518e-01
1.524460020786256309e-01
1.413940898269075430e-01
1.030396567849330841e-01
7.403504467753538876e+00
1.394100525421876569e+01
2.024214019320745450e+01
1.636388970889139038e+00
1.231786045395466545e+00
1.591588074072967318e+00
4.265383781638910042e-03
5.727769192621429833e-03
1.908332328186598814e-01
2.322901572371860457e-01
2.273998194008898521e-01
1.903256807656180938e-01
1.705834012149213541e-01
1.275290509828377883e-01
7.337064005534825739e+00
1.382739523437847140e+01
2.027928331388036298e+01
2.000330293325415454e+00
1.476662439680364480e+00
1.476515705829379632e+00
7.453582287305744562e-03
-6.421388951061840489e-02
1.900594700660226399e-01
2.094298572498392852e-01
1.958062991045027013e-01
1.690397089849891843e-01
1.433285340845291411e-01
1.041084394394564683e-01
7.358408517198492760e+00
1.384771177489986904e+01
2.035340692171067190e+01
1.804428778998035332e+00
1.440986057269671106e+00
1.730472699859548991e+00
5.334882833960806654e-03
-2.678568836077924523e-02
1.999246462131653301e-01
2.104901035723817371e-01
2.085468903476841995e-01
2.079666629548082291e-01
1.604177608670421251e-01
1.282252658639325416e-01
7.392283554089586595e+00
1.378914064243684834e+01
2.028516945730946830e+01
2.051675311825085224e+00
1.687142355060454513e+00
1.775306499352411693e+00
6.663322167264505366e-03
-7.011832291370127812e-02
1.788892876984362057e-01
1.966386548652185318e-01
1.996537184284093158e-01
1.446426673963465415e-01
1.318775137931841313e-01
1.184557487764790751e-01
7.395846547345497513e+00
1.390398273120205097e+01
2.037226139440486250e+01
1.568564285559769234e+00
1.482424092225870460e+00
1.693994532152567567e+00
3.604755824370127568e-03
-9.032805298833733020e-04
1.905025828066017612e-01
1.985747714195865987e-01
2.013309681420251407e-01
1.718069049761486999e-01
1.361715832474455212e-01
1.140278089034343356e-01
7.315332252706421734e+00
1.380657496558320574e+01
2.029976489303175669e+01
1.784413477359592770e+00
1.474912069481209231e+00
1.590767538548442550e+00
5.168716616067933929e-03
-2.748639672949447499e-02
1.941333524474774808e-01
2.039305528988015759e-01
1.936175501954459643e-01
1.555255601322400871e-01
1.377963930789964930e-01
1.128557798220397590e-01
7.444408996915138133e+00
1.382007294246002260e+01
2.038452913125898291e+01
1.354936432385885903e+00
1.415317104087611577e+00
1.851270513037865717e+00
3.329292414527334088e-03
5.088157189472848271e-03
1.798972305242519665e-01
1.890855351232293702e-01
2.009974638523375767e-01
1.810900751841116318e-01
1.421562125462637050e-01
1.238373111301044743e-01
7.342419789734223379e+00
1.376043165888609821e+01
2.026718667240317018e+01
1.879466753467361695e+00
1.747775488270212563e+00
1.647630517415799023e+00
5.944499242479338481e-03
-5.663460083682647639e-02
1.777383134758751815e-01
1.866626301337329374e-01
1.862149615288517523e-01
1.572782073256913382e-01
1.339121475350077139e-01
1.180374425674847738e-01
7.352591277429070260e+00
1.377389726024456351e+01
2.044562328625847769e+01
1.731311920832906193e+00
1.653120588340345032e+00
1.897402984838344020e+00
3.667614681635083911e-03
-1.725789538834772083e-02
1.832641094832428708e-01
1.959856821018956530e-01
2.064114017430768167e-01
1.983363948204528993e-01
1.521887414980456765e-01
1.228679146667358696e-01
7.360836442374481869e+00
1.370104260827015885e+01
2.031670044107121953e+01
1.949559835475194403e+00
1.770630105147792621e+00
1.654631886417001985e+00
7.489573301522777470e-03
-8.318442360807444536e-02
1.888194876965794411e-01
1.864695274188548912e-01
2.046164730318023040e-01
1.845300641987152601e-01
1.416044281988018128e-01
1.341934253264516208e-01
7.395426142419315951e+00
1.365488286540651153e+01
2.036987461756773143e+01
1.735954016449037018e+00
1.866096131205335018e+00
1.831672906997234396e+00
5.157594934637904117e-03
-4.803372286391728585e-02
1.892093407685156436e-01
1.998716302512621446e-01
1.959422937974611978e-01
1.539049236512585184e-01
1.357285157914504270e-01
1.163779752002777335e-01
7.380904301923336241e+00
1.372472808895781959e+01
2.040169513387337119e+01
1.557095056662791910e+00
1.533167173567462349e+00
1.796269695122295840e+00
3.452612511192143172e-03
1.573352124835296969e-04
1.952404037257056968e-01
1.946375192817332012e-01
1.987240786460591768e-01
1.675323031233829640e-01
1.348504527038806300e-01
1.187137238777644238e-01
7.401179563559684205e+00
1.366230155975536498e+01
2.032095114105220190e+01
1.530578299384121932e+00
1.671599100326232934e+00
1.798358151182767983e+00
4.119084673207402438e-03
-1.400677651767176686e-02
1.920874420815906480e-01
2.002011740918672178e-01
1.929933309660145646e-01
2.158212868929767214e-01
1.615244084745807718e-01
1.201051891436003272e-01
7.319424755812196537e+00
1.372288792598348373e+01
2.028815303195994701e+01
2.081475003096903809e+00
1.797591010184110383e+00
1.936784024833396956e+00
7.275707317587239674e-03
-9.140718543676741581e-02
1.986511941298253758e-01
2.014267285346545699e-01
2.014775089158650223e-01
1.444746580568748162e-01
1.236281947472421677e-01
1.107500525528167801e-01
7.554905616241349264e+00
1.378489656776297068e+01
2.040319009303462749e+01
1.221731858186900332e+00
1.255525096112173111e+00
1.679819992125895833e+00
2.930203434790393507e-03
2.535274565875883859e-02
1.887973344266613007e-01
1.961414463905979677e-01
2.072687982448379318e-01
5.236348534555670398e-01
3.060434144251688582e-01
2.366972055300896882e-01
6.946462040466037102e+00
1.369066996401617331e+01
2.055734685997284572e+01
3.555970521788733407e+00
3.240016146785353879e+00
3.024665625524221024e+00
2.092072875486545441e-02
-5.486904276209421116e-01
