3.650822820764600130e-03
2.187546489581581287e-03
2.336018751101222053e-03
1.067721275727336397e-02
1.545467141341013914e-02
2.898729205761672867e-02
3.562944069726009522e-02
4.132919132785471683e-02
7.851744798043176765e-02
3.211837108429540567e-04
6.328681701071248861e-03
5.284131860107770667e-03
2.877327550503894476e-03
2.387857728112740413e-03
1.268997147278487850e-02
1.769524751982330321e-02
3.575548484383164749e-02
4.630040139358417017e-02
5.223930237069084048e-02
8.554637005029201713e-02
4.002658324858370106e-04
9.020952500590755097e-03
4.768324377068455452e-03
2.734968822157835249e-03
2.650668750750485338e-03
1.212376256002480578e-02
1.536663224637539737e-02
3.997858364825088856e-02
4.288916837222431916e-02
4.194375689853642453e-02
1.037196061225906657e-01
3.932738838088489417e-04
8.232305843660385133e-03
7.931399622385827339e-03
3.841304331910432111e-03
2.949849907621156665e-03
1.630789597005247865e-02
1.763067326334540053e-02
4.404202752601352883e-02
6.726750914166197692e-02
5.893124929115647198e-02
1.174851880929606435e-01
5.559026661058842547e-04
1.315030039953301796e-02
7.267797686275351103e-03
3.892329017004380470e-03
3.599085410725346226e-03
1.369596938949270426e-02
1.800915017329693738e-02
4.075425479026006242e-02
5.521344975243110825e-02
5.759594877877520502e-02
1.148609233466072882e-01
5.577143356448086660e-04
1.240145266434633346e-02
3.201495704518331209e-03
2.034713358466351280e-03
2.250078955525887554e-03
9.737403609285075895e-03
1.245692622689200703e-02
3.231168461207874903e-02
3.037415278447320316e-02
3.044326247909770813e-02
8.624134677099061508e-02
2.958072687586858610e-04
5.511214715696519800e-03
5.826319146752970829e-03
3.029274289416857436e-03
3.034124427383919076e-03
1.537103323004314868e-02
1.675141727571507685e-02
4.418172114405759937e-02
5.587525514220858386e-02
4.652812418873158995e-02
1.181284929974123071e-01
4.676552347479470814e-04
9.859896920326273462e-03
4.695917183438565526e-03
2.491722785357572845e-03
2.321810064940118927e-03
1.313701612423379128e-02
1.599703008632204909e-02
2.881947897825967372e-02
4.518647313488765443e-02
4.344142491064358763e-02
6.777669465745880806e-02
3.727725457736835181e-04
7.987581691679646392e-03
4.432968167432811343e-03
2.681204207779448560e-03
2.841836316955165601e-03
1.391787686585690444e-02
1.887533692897886209e-02
3.845133433179338811e-02
4.471077588215215809e-02
4.772339012664963270e-02
9.986466056395877644e-02
3.944935222468956776e-04
7.662353312449971497e-03
5.725346690978790759e-03
3.018183323724917336e-03
2.687427726795677072e-03
1.269286518112956209e-02
1.871500549219853871e-02
3.447865721965362451e-02
4.724394977850070176e-02
5.707501731906853421e-02
9.125448903239002929e-02
4.596743641757907914e-04
9.897288871578041256e-03
6.252239931999295161e-03
3.228517187928156736e-03
3.232500887775496910e-03
1.361827651078663382e-02
1.664253102155398983e-02
4.715195191823980114e-02
5.197512930166797024e-02
5.025347360984280115e-02
1.324017840820327641e-01
5.059998375336674514e-04
1.070465580577177785e-02
3.573994124461110731e-03
2.965262563596679935e-03
7.398668855353246476e-02
1.527097332287875170e-02
1.868234584964165862e-02
2.077752011637085949e-01
3.665302436144791259e-02
4.731466903350056707e-02
4.581035411843564220e-01
3.142659378622754580e-03
9.376452907816433535e-03
4.111513198480707364e-03
2.414254718321271614e-03
2.398134221988383954e-03
1.251587368597138934e-02
1.600973137343664893e-02
3.599138890666988416e-02
4.296018170435853684e-02
4.222399146108980067e-02
9.361466579575927760e-02
3.488798506062432288e-04
7.114926432732710491e-03
4.674068878390533026e-03
2.562245392200906188e-03
2.429707652698955347e-03
1.226655608634357776e-02
1.583913917306840891e-02
3.756553150651487788e-02
4.320134719244766303e-02
4.357862315092446426e-02
9.618992320030470000e-02
3.819278399530611563e-04
8.019235092756432301e-03
1.035988493291396806e-02
4.865161476152683045e-03
4.331027722431243614e-03
2.121695904091755805e-02
2.421899465646157670e-02
5.305638135666308070e-02
8.756387753446354116e-02
8.498100812707140572e-02
1.529430013443840719e-01
7.492044097660617444e-04
1.715069313856438377e-02
5.366489541993396672e-03
2.946204199749457003e-03
3.611285993628097438e-03
1.274319000595715116e-02
1.812118043223507127e-02
5.531768860710722935e-02
4.776823284818074167e-02
5.109658932171944751e-02
1.600872643295220277e-01
4.754870686506872633e-04
9.345336775844441737e-03
4.520563500235818058e-03
2.617930267388818202e-03
2.649444646900607232e-03
1.396863901610643187e-02
1.654985855899996153e-02
4.059271276876961349e-02
4.732081049761940883e-02
4.229930955604239984e-02
1.057495682130144971e-01
3.884579937141732146e-04
7.778588671236274371e-03
5.310184199684550056e-03
2.993648395723639416e-03
3.021532891581761495e-03
1.318205708316455560e-02
1.751921747320467002e-02
5.400608082840484270e-02
4.817354567132763749e-02
4.794874822129426700e-02
1.446035232961834782e-01
4.382572167555391922e-04
9.158459013849085811e-03
6.606450231499606633e-03
3.313884117018332104e-03
3.190739499333882997e-03
1.669054126460299547e-02
1.885007244677966085e-02
4.546791864168030911e-02
6.253506716853145242e-02
5.476824242611355587e-02
1.222727597473892008e-01
5.175758794161855339e-04
1.114292856567906942e-02
6.180553888938429032e-03
3.306448269945898993e-03
2.723865050833991323e-03
1.395167355553397770e-02
1.778653266056798299e-02
3.306241788562169770e-02
5.428264239428082921e-02
5.360002752962452627e-02
8.354977339234431755e-02
4.672974362124453240e-04
1.059337064466263183e-02
5.095143231369227491e-03
2.554591199160919247e-03
2.964808944406236574e-03
1.338100265933944884e-02
1.450241541454730734e-02
3.896899514649915935e-02
5.441347322354553318e-02
4.108549728062288464e-02
1.095503505260256305e-01
4.120621360748594284e-04
8.707766032347271160e-03
4.276470008660025919e-03
2.407823517758543412e-03
2.370228661143091060e-03
1.059012146458451764e-02
1.378850667445763456e-02
3.327871344934998227e-02
3.989104562631572842e-02
3.922847973924772219e-02
9.012414177569708085e-02
3.471167639333952904e-04
7.406443595959684781e-03
4.092323960158878761e-03
2.431504717454851302e-03
2.718981889883356762e-03
1.385925078863475129e-02
1.411248375704950847e-02
2.996193010007142457e-02
4.758092954225609517e-02
3.587249325212555490e-02
8.176322822593776185e-02
3.673819920917225875e-04
7.115841029589636650e-03
8.375516162244378907e-03
4.005606530078861978e-03
3.542969000348915754e-03
1.974561021310508938e-02
1.830169631566979510e-02
3.504978527589071302e-02
8.234382722694899570e-02
5.729805509110680317e-02
9.493263864113203609e-02
6.061523191371243806e-04
1.395850645564115922e-02
4.222639874490705797e-03
2.558250880971481723e-03
2.587701492966632336e-03
1.428498206577344214e-02
1.355995281365243721e-02
2.783839822912565626e-02
4.870662270757700890e-02
3.334442937165487536e-02
7.113127398894934783e-02
3.609687316754641166e-04
7.281303088618220655e-03
6.859499164579546844e-03
3.543136533006022680e-03
2.875792751069443029e-03
1.516477632455474206e-02
1.599323589200987022e-02
2.677079826148769451e-02
6.176832333253137741e-02
4.841362056003350317e-02
6.805032036325615874e-02
5.059804094577921661e-04
1.169547776844399867e-02
7.103372404494215191e-03
3.893559480196082979e-03
3.960945804717669674e-03
1.904018249354368780e-02
2.157341896457602715e-02
3.159826674943983643e-02
7.443463408132423853e-02
6.197800503459899996e-02
8.702790074258516528e-02
5.806794525171972855e-04
1.237476586814621748e-02
6.715692408760891990e-03
3.358107814739599937e-03
2.973233142700783954e-03
1.742504417594742741e-02
1.490125597500190080e-02
2.475377126829623672e-02
6.877201766767669644e-02
4.200222164979653533e-02
6.252783230444874940e-02
5.040658690284340049e-04
1.134734050506646177e-02
7.075874601908485953e-03
3.765390737723743175e-03
3.837473351076987459e-03
1.678292959233182099e-02
1.770142881889484945e-02
2.992280503621094767e-02
6.747758945377670126e-02
5.212673307205016593e-02
8.323477917152215244e-02
5.697063336709438583e-04
1.225840068919245053e-02
9.040971370966757389e-03
4.559037908158522501e-03
4.035191165272621582e-03
1.896523147542802240e-02
1.821750069066850261e-02
2.760246447007456971e-02
7.792669078051414622e-02
5.509070025071133303e-02
7.335033517100301992e-02
6.770917157705293263e-04
1.535883007949175559e-02
7.458216494200318840e-03
4.292214908921790188e-03
4.192753782951780250e-03
1.839759498533454635e-02
1.983754383351566189e-02
2.762364206203503370e-02
6.945403209999102823e-02
5.608934794592257411e-02
7.443980614684510277e-02
6.176068418174509612e-04
1.313389030036914498e-02
4.128790763658207220e-03
2.848533313376707711e-03
3.275248653117129958e-03
1.499535159091136376e-02
1.396479689926177423e-02
2.392530108569402084e-02
4.631057594684100803e-02
3.270009489015081316e-02
6.527090075436597916e-02
4.077429811557524019e-04
7.286798407143659645e-03
6.572809317411625399e-03
3.915229883841951988e-03
3.854164581891361251e-03
1.780380997642370955e-02
1.696391673837496783e-02
2.365376325543695410e-02
6.219985548895239080e-02
4.341525825030500413e-02
6.040545830443304343e-02
5.554274412224682227e-04
1.145561358221730552e-02
8.096003435110224813e-03
4.327409826469232404e-03
4.619641306510034219e-03
1.865247182541782817e-02
1.786042420510222314e-02
3.242874015810390254e-02
7.217855515266249911e-02
5.075106138010667539e-02
9.058522475005698071e-02
6.765072699952536048e-04
1.408747010855529967e-02
6.950412556270533539e-03
3.777962416594287873e-03
4.706551338688035740e-03
1.504025868479598807e-02
1.373088199491559122e-02
2.834020242013643789e-02
5.905092476430198745e-02
3.874953835111950157e-02
8.254712404229597178e-02
6.169949641575141848e-04
1.230965051724886190e-02
8.436217058237919023e-03
4.276077225385596994e-03
3.788920303710426908e-03
1.617561547285926299e-02
1.449727435008013425e-02
2.175477128583123629e-02
6.444797434896118449e-02
4.218123581105245185e-02
5.602917994824406500e-02
6.421628738063218369e-04
1.437966602419466812e-02
5.096376764048679911e-03
3.245589537949646313e-03
5.440759163332350989e-03
1.459764551343345658e-02
1.211303767208203423e-02
2.773670862261636699e-02
4.850758081547687506e-02
2.986913566034286871e-02
8.307314009229337104e-02
5.991491077604411877e-04
9.539128649983632038e-03
6.446503238388238965e-03
3.842495929786939306e-03
3.914622961374744116e-03
1.533684873854049627e-02
1.578227728750647429e-02
2.561158822820103209e-02
5.525468187333654191e-02
4.247831054973152942e-02
6.846369235032423450e-02
5.519171198124637372e-04
1.138106009995566714e-02
5.193766090161960197e-03
3.432320817152288098e-03
3.622234234068477925e-03
1.385664105267377620e-02
1.579921462118879030e-02
2.171036431414594126e-02
4.513862453580693573e-02
3.885552530555129447e-02
5.642540569225974745e-02
4.669310934748096176e-04
9.161390175329284236e-03
5.441239864908037176e-03
3.439913305665861717e-03
3.659690719522364164e-03
1.222126849696413692e-02
1.462342943686972992e-02
2.245048342195563387e-02
4.224304444370803602e-02
3.850454182511851148e-02
6.076597978277347573e-02
4.850352738726754404e-04
9.700296471966357234e-03
5.246816972808748987e-03
3.571547348188501905e-03
4.166238185260824102e-03
1.354286059354277427e-02
1.435941671828899237e-02
2.286901862420785692e-02
4.374208914103085155e-02
3.583349148934276279e-02
6.362602920777571391e-02
5.024669668933795129e-04
9.379722915309834930e-03
4.868133505468709606e-03
3.448523683614373656e-03
3.589125279145312201e-03
1.283006538455892104e-02
1.502358618891922425e-02
2.002538035775821776e-02
3.891671678992410233e-02
3.687748094057713422e-02
5.209044268185284571e-02
4.364981502700943897e-04
8.466070390273144550e-03
5.046976295289175816e-03
3.906226209960106215e-03
6.865522215009110113e-03
1.332325899152745838e-02
1.479376341059190046e-02
3.626464059632145825e-02
3.650011452185444871e-02
3.270186653604914562e-02
1.085105006477929401e-01
6.736132230210430290e-04
9.135356277100095332e-03
6.558420541852049042e-03
4.647294665874310282e-03
4.727188740056468587e-03
1.312444514264220728e-02
1.837017734007881722e-02
3.014450187435459977e-02
3.982095439024221917e-02
4.472631874004035640e-02
7.628923666236393786e-02
5.775992649354519783e-04
1.145572044481563481e-02
4.821880765488806633e-03
3.678029371977753047e-03
4.930963146756424734e-03
1.166733285130750093e-02
1.433607544468206742e-02
3.116991557567711305e-02
3.054978442709205960e-02
3.084584241919693243e-02
8.577158233296446055e-02
5.170532898335921963e-04
7.877746496824052092e-03
4.811102057052293705e-03
3.560041819363769008e-03
4.537482647740206758e-03
1.081022359512305055e-02
1.204672568774469051e-02
2.334661111699191938e-02
3.037475862222766693e-02
2.716628483668047725e-02
6.382839729370841375e-02
4.951120487614341526e-04
8.209956857343493966e-03
5.825348407454084519e-03
3.992279993594586435e-03
4.664325306133046412e-03
1.157522076133767411e-02
1.448984476426382062e-02
2.305680278691704665e-02
3.742451923910608547e-02
3.603104750571233666e-02
6.314162908769251070e-02
5.549447134455089744e-04
1.051730591593574154e-02
4.461835493755604044e-03
3.286578544208260122e-03
3.836253452159961788e-03
9.660793530946657284e-03
1.162736998271557756e-02
2.141152240653260846e-02
2.790801279418010997e-02
2.661829676309596451e-02
5.761937984481921987e-02
4.270534427400798872e-04
7.595400651728401696e-03
5.071900223040127879e-03
3.561580483137648332e-03
3.826833986155108933e-03
1.064989395098371594e-02
1.260039764450768263e-02
2.192524638576494669e-02
3.321801589780344621e-02
3.049731515645723659e-02
5.782377496888951862e-02
4.604326813334244520e-04
8.928169268262731162e-03
5.203194107978559649e-03
3.702375467236920532e-03
3.703659285555440175e-03
9.892404352980901927e-03
1.291998572199402548e-02
1.944447465528249819e-02
3.005451977154917700e-02
3.091780013016101961e-02
4.873787910423470204e-02
4.523220764978735302e-04
9.061410573884683475e-03
4.833366857055429629e-03
3.488583583502485007e-03
4.098931114801742000e-03
1.085774524639466186e-02
1.286523263616506409e-02
2.569079822872788466e-02
3.229874531130457610e-02
3.041484748875151328e-02
6.968076865381894747e-02
4.624581624058214397e-04
8.395629282552465739e-03
5.874981099860602032e-03
3.916690714558596770e-03
3.974604963287163215e-03
1.073332292832668983e-02
1.367442728904122266e-02
2.374042135981827006e-02
3.592768261268899227e-02
3.483258180520359959e-02
6.256086407618038914e-02
5.113932571176843089e-04
1.049050782974443076e-02
4.785720773252066795e-03
3.523275390026022087e-03
4.759061686827170852e-03
9.592832196448327145e-03
1.383000566240483176e-02
2.948177168442469784e-02
2.730070833261070279e-02
3.188026587979984894e-02
8.270662480421384077e-02
5.007064892114359688e-04
8.244498113331994241e-03
5.399655229851196836e-03
3.599212555105828128e-03
3.720551745850532270e-03
1.018118765202153005e-02
1.288438133782032410e-02
2.397753098276134490e-02
3.469510037899640326e-02
3.343538431683171219e-02
6.451908781851996288e-02
4.735690894856514925e-04
9.722824673902943568e-03
4.192289967000145841e-03
2.914957709603945187e-03
3.070516365899252000e-03
8.659492347706878451e-03
1.212549940390991385e-02
2.042795783584483438e-02
2.728733508356161533e-02
3.015718981183144673e-02
5.397005911697842773e-02
3.751957705403467401e-04
7.393605228355755454e-03
4.643243343564374889e-03
3.237770184457479730e-03
3.642068433746115455e-03
9.477745821220330547e-03
1.327825267836214677e-02
2.601425995450670423e-02
2.971949345637504847e-02
3.221386189830657831e-02
7.015248249073451070e-02
4.281634760225935896e-04
8.183921824202810419e-03
4.171087934284118358e-03
3.033578848751918022e-03
5.150552112007201339e-03
8.709731201856314720e-03
1.304466725547709892e-02
3.083783679600138328e-02
2.558235964046057936e-02
3.122004682603455802e-02
9.245914113590951444e-02
5.185653746847262990e-04
7.638474255803909437e-03
5.294969122971327630e-03
3.252170680266951251e-03
2.792950731350437015e-03
9.754532286030650340e-03
1.293094827884133657e-02
2.413696733284789384e-02
3.543028409822308877e-02
3.594726006766041371e-02
6.005694464525768161e-02
4.235270798697258901e-04
9.396910460934767423e-03
4.688251538992377690e-03
3.113662370870735278e-03
4.864069385689482466e-03
9.303005430388608041e-03
1.394174712418703131e-02
3.430760949354486056e-02
3.200311249258790819e-02
3.642787552643811377e-02
1.024275414753789554e-01
5.091921722618084414e-04
8.711419296427706793e-03
4.182951294650261512e-03
3.020757121580718366e-03
4.321011306500690749e-03
9.610517193093921773e-03
1.292239498980820092e-02
3.630380884682329889e-02
2.851845356338737411e-02
3.044703523465768988e-02
1.058763031627659446e-01
4.639778149299798545e-04
7.432490209966725360e-03
3.935501988538547997e-03
2.844744564605830583e-03
4.280497786538706856e-03
8.717758492929578162e-03
1.323965630227862816e-02
3.248268550879571115e-02
2.570197686842655774e-02
3.114310500023879588e-02
9.504930759154957276e-02
4.509228878317693423e-04
7.040144507119212858e-03
3.889302360418575490e-03
3.011280257415896184e-03
3.791787713651803039e-03
1.075440948243847582e-02
1.338807066640921792e-02
3.537125026160568148e-02
2.847882561172149218e-02
2.898691502865009817e-02
9.825926905719789550e-02
4.114505858857087084e-04
6.385222700636839638e-03
4.774415910361805640e-03
3.204881964419788523e-03
3.905646358524641863e-03
9.389073357684588061e-03
1.625743622746524467e-02
3.133898264347850793e-02
3.053313012252348996e-02
4.128445990548144234e-02
8.725176518753262334e-02
4.637088030856747968e-04
8.583338432590506203e-03
5.081855856072434868e-03
3.182667122354474343e-03
4.186207772051834738e-03
9.032739188212313489e-03
1.414000856315642679e-02
3.065851692825221145e-02
3.175763037362289154e-02
3.706646202664886508e-02
8.809451827945777302e-02
4.924893341548445625e-04
9.162931045478304309e-03
4.925133868897167699e-03
3.241622948428931304e-03
5.334939047515548267e-03
1.009950392087822189e-02
1.760750227955552513e-02
3.762116877993768038e-02
3.325360468930804725e-02
4.514444806670248750e-02
1.121215469145371152e-01
5.692131921278371313e-04
9.156311531566005066e-03
5.229312811248664448e-03
3.402106486809713861e-03
4.012761186133446435e-03
9.972493926787843327e-03
1.560008634613111941e-02
3.247023206622722674e-02
3.360716656990105078e-02
4.103591940840534830e-02
9.119931025572700078e-02
4.931460312174129569e-04
9.362767538321416227e-03
4.302458219063504639e-03
2.938045492464297880e-03
3.668022225504154361e-03
9.327179032063441858e-03
1.700139680807749229e-02
2.760833278497945575e-02
2.941557796500648275e-02
4.237000418636790305e-02
7.739546066228863985e-02
4.286177664632036212e-04
7.675836392758082251e-03
4.367317925123095218e-03
2.912886903113933411e-03
3.832935550107616132e-03
8.946783559538512565e-03
1.707529234557467537e-02
3.497156991113435642e-02
2.871459577246339087e-02
4.282348620360422464e-02
9.949861891714698037e-02
4.443127199509136482e-04
7.823224960040158632e-03
5.559283667712913539e-03
3.543465873460388202e-03
3.223026725692202006e-03
1.034015690487305981e-02
2.148938044815023804e-02
3.152234630208670951e-02
3.633199579041137411e-02
5.796474710560693688e-02
8.057656418825132061e-02
4.655445039881495268e-04
9.976043619177090219e-03
4.293044964431545242e-03
2.739783715927473096e-03
2.837247230708472064e-03
9.498038155059219251e-03
1.664076552831397077e-02
2.303985489908554063e-02
3.138005093348818914e-02
4.213669610882821159e-02
5.961019137971150517e-02
3.770372778599045613e-04
7.516408913969150826e-03
4.231681299725285547e-03
2.799829796685876764e-03
4.101543999013176900e-03
9.757933478391203272e-03
1.630535971105084858e-02
3.162334024160707441e-02
3.119690538225398935e-02
4.033871198913151213e-02
9.148825888417182195e-02
4.627759310490969368e-04
7.700999308793164688e-03
3.641135633021931085e-03
2.572195338478699272e-03
2.764001581968751273e-03
8.396707254369391651e-03
1.574018907913229959e-02
2.336969978143364421e-02
2.452984339503038250e-02
3.669839499947499112e-02
5.965109114652412947e-02
3.318862859257745799e-04
6.152976321829243048e-03
4.054016114626060943e-03
2.634321756441049354e-03
2.997593153855935590e-03
9.358141131271542623e-03
1.628062896620570063e-02
2.870216923698342207e-02
3.018844712021618443e-02
4.027751161691078136e-02
7.671850748635937467e-02
3.782286178458169187e-04
7.136927515026146238e-03
4.525014177956095118e-03
3.076258623308899404e-03
4.147147348545151407e-03
9.311561331534806002e-03
1.676195979881573220e-02
3.104964409150434007e-02
2.939992040170349291e-02
4.200941295719129442e-02
8.961748463776030016e-02
4.773282114722374072e-04
8.179419122765815148e-03
3.839602254317992566e-03
2.682747625234767688e-03
3.086960833940211296e-03
8.559399854721488551e-03
1.786559888451421177e-02
2.785392668454030746e-02
2.564658789709144127e-02
4.356096089202431132e-02
7.482668058043698278e-02
3.664685718932181682e-04
6.673067922848554059e-03
4.083799444865588747e-03
2.879090995626674802e-03
4.570987708686797928e-03
8.513726819979458571e-03
1.597613397277801786e-02
3.703819980048539406e-02
2.540515040735353072e-02
3.876115281679014951e-02
1.093335794848842024e-01
4.874856461085674852e-04
7.477999351915342284e-03
7.447924107366696994e-03
4.686448137363784586e-03
4.708062191220473321e-03
1.088572686492275503e-02
2.591480030445945243e-02
3.946545804808528762e-02
4.178922660409899181e-02
7.686692815713695726e-02
1.118692474792043479e-01
6.515188355477295485e-04
1.360988526647710466e-02
6.283465639780272394e-03
3.577206954542386415e-03
3.737039719863445922e-03
1.018494791119694577e-02
1.665696977151367997e-02
3.338728660048734254e-02
3.862079271376778200e-02
4.903871571601676332e-02
9.439528935076955951e-02
5.286018601071662245e-04
1.097890564177387077e-02
6.034561319286158194e-03
3.668565217032411507e-03
4.137540680232911113e-03
1.099133786769975960e-02
1.861500787956748074e-02
3.318614478941937090e-02
3.888607476999822454e-02
5.144279089254807924e-02
9.390008420908309283e-02
5.461403831418515506e-04
1.069935391617468298e-02
5.772001470682892529e-03
3.489269134844667688e-03
4.823943486892401204e-03
1.030184738834850726e-02
1.728502567293432532e-02
3.806675069240141734e-02
3.674819939129479046e-02
4.666686724614583365e-02
1.115752439682231312e-01
5.737848590188169423e-04
1.041301854384440832e-02
3.595097521555728950e-03
2.476943132891766281e-03
5.458855309930447930e-03
8.754206398778783052e-03
1.351353931679380969e-02
4.197081351563129725e-02
2.566139473522938488e-02
3.148172311865877343e-02
1.303877287329130441e-01
5.445234165434638830e-04
7.050354525596321670e-03
6.822240470504574786e-03
3.793122215063947887e-03
5.137755343207226454e-03
1.215774782901677883e-02
1.690307242259813172e-02
4.816492991129579099e-02
4.592992503650947245e-02
4.645299097468750388e-02
1.390643405568406932e-01
6.373939647457623229e-04
1.209065381031305779e-02
4.137838967015754384e-03
2.853768651361134751e-03
5.066693488189004564e-03
8.604381889405978909e-03
1.423246074293762695e-02
4.595782245012596662e-02
2.581990695299619595e-02
3.378265052166114224e-02
1.372752959009306550e-01
5.269698088870456310e-04
7.671663953520035072e-03
4.402320659930338172e-03
2.986326260255107480e-03
3.419607232789505409e-03
9.876371983884222466e-03
1.592273000357335988e-02
4.241094767407546651e-02
3.068522696982202771e-02
3.866462681909606236e-02
1.140672881480711831e-01
4.166180594309099559e-04
7.684912893010297993e-03
4.430837217936475260e-03
2.912368055181089113e-03
2.931823451907884445e-03
9.166682378704743561e-03
1.583591011133124449e-02
2.271354411252524824e-02
2.861392153813735462e-02
3.844922175723061025e-02
4.658016505374287103e-02
3.509841012315009236e-04
7.562404215950876973e-03
5.857741065396478673e-03
3.123060309903603633e-03
2.554240648317564720e-03
1.076300229111305795e-02
1.310012813660842504e-02
2.390004178478616695e-02
4.074350675003361039e-02
3.708468158285659760e-02
5.637295667781617309e-02
4.347680805363437432e-04
9.939899553231372475e-03
4.603092532730030696e-03
2.944592683511519735e-03
4.250222695384658390e-03
9.549937083170582930e-03
1.524660960558195388e-02
4.522452103808748125e-02
3.095445850427806442e-02
3.825222206131163871e-02
1.317688821312881786e-01
4.909422441478569505e-04
8.273872987830449208e-03
3.886485563567195801e-03
2.548669555882650609e-03
2.474706181204044952e-03
9.231310869297454716e-03
1.262660855058202018e-02
3.596928280473332684e-02
2.883004485886849280e-02
3.031960221747017140e-02
8.781365910648555873e-02
3.274518213974481930e-04
6.555569427879728850e-03
5.492590501794666902e-03
3.287067605508802240e-03
4.391096034879618873e-03
1.066256695829000296e-02
1.414669481090240037e-02
6.646114747761376618e-02
3.724230449930802933e-02
3.773144885452087843e-02
1.953361651128785736e-01
5.377766112615803154e-04
9.783060334138112685e-03
4.633752128980367715e-03
2.836149994121960581e-03
2.883582932573187062e-03
1.043440779354571496e-02
1.178003168009444587e-02
3.476623067671864853e-02
3.372234860140221890e-02
2.927536463092008517e-02
8.921150296791219292e-02
4.070069336712150618e-04
7.975862664783058692e-03
4.798242722696483692e-03
2.810968015963758154e-03
2.762974651435146350e-03
9.424789612265845051e-03
1.085266429136829899e-02
2.663401298788358948e-02
3.177513160580108104e-02
2.795427699112009931e-02
6.693143836391377000e-02
4.084464338353447363e-04
8.306806895971097573e-03
4.631827434272391304e-03
2.953814805173303817e-03
3.003899013865780464e-03
9.491181340474594275e-03
1.405402833659442734e-02
3.345424782880897924e-02
2.998268266344752964e-02
3.500363794995143413e-02
8.080674861878543724e-02
3.996875678151083243e-04
8.019587991372267161e-03
5.263770674409184828e-03
3.203283843171603629e-03
4.140770225289113100e-03
9.257405654899597894e-03
1.238718769515692077e-02
3.325011962264024651e-02
3.214856938060065006e-02
3.317173324686764624e-02
9.777426175122232166e-02
5.182419306731495630e-04
9.461800710955337382e-03
5.351355540062663341e-03
3.358499415642835287e-03
3.508235506016645425e-03
1.045408955486137360e-02
1.340834989822056907e-02
2.938391807246180931e-02
3.455656881327463792e-02
3.383372156292237948e-02
7.684079708645226436e-02
4.797711776469097537e-04
9.415573711363152409e-03
7.067849855315119258e-03
3.925273018229603547e-03
3.566088887500505622e-03
9.930314228109386396e-03
1.429196602582594004e-02
3.242108758668554164e-02
3.767919222673265373e-02
4.250166326833621638e-02
8.631175720484947356e-02
5.697765759616927553e-04
1.234021591642761075e-02
5.772683290816487019e-03
3.415600108580575493e-03
3.504605665225177507e-03
1.068386801615068930e-02
1.482805489384330863e-02
3.119167104265469989e-02
3.788638303368601495e-02
4.122149854773586586e-02
8.500229218522144248e-02
4.986377863780823514e-04
1.014284495459390027e-02
4.554295787837366397e-03
3.241279664349130084e-03
3.320542938203712748e-03
1.017229243186456092e-02
1.455061853827758871e-02
3.127983159225793813e-02
2.963039112133378922e-02
3.291833045173936378e-02
7.683336975031261618e-02
4.127719823016353057e-04
7.703920557934514080e-03
5.388140264102605700e-03
3.285451927057511049e-03
3.519283669703142554e-03
8.844940208597861994e-03
1.364112652723604123e-02
3.073647994900749816e-02
3.108303843924900209e-02
3.761666070695494912e-02
8.604982253574137985e-02
4.863883848785243748e-04
9.658104958532228237e-03
4.556193200751440693e-03
3.066718362997205606e-03
3.042453455824072148e-03
8.935038321573076509e-03
1.467796139358956004e-02
2.798293002344719865e-02
2.788933133301505635e-02
3.623922650748028634e-02
6.829933168165469581e-02
3.934924947033483877e-04
7.934891073937128461e-03
6.164769137003393504e-03
3.684902470431092401e-03
4.753256482045202340e-03
9.774871386519267194e-03
1.482431139685877648e-02
4.051615275226828211e-02
3.547098656655140597e-02
4.037869675688035564e-02
1.183107178548873234e-01
5.918869058261994401e-04
1.110851615604665013e-02
5.895434977393801922e-03
3.680844683518077597e-03
4.236113551621179842e-03
9.111885129104829381e-03
1.744824626880056920e-02
3.843383544772448202e-02
3.325908681094630337e-02
4.855134130650166219e-02
1.099916594778166251e-01
5.387510641775539698e-04
1.066914053294498038e-02
4.906080352721058253e-03
3.284908865586811440e-03
3.338041810489844868e-03
7.973970800065805636e-03
1.750170527146027721e-02
3.724488278526129348e-02
2.641470475684329008e-02
4.623512283156516051e-02
9.776042965727535505e-02
4.362389053338178754e-04
8.818227672246761392e-03
4.476411280843440969e-03
2.987545555055195253e-03
3.407412449213241979e-03
8.240256313939747085e-03
1.658800204401005354e-02
3.544128975120874186e-02
2.658423531722427235e-02
4.243397612096309196e-02
9.781214186416732626e-02
4.266117046111839867e-04
8.002675310532909175e-03
5.138820043623613942e-03
3.325694210265315708e-03
3.162322167755087562e-03
8.917425787327525749e-03
1.824196385009075119e-02
3.665567911571312315e-02
2.985405152069288068e-02
4.771783643531728181e-02
9.140914935332938862e-02
4.327921007779932496e-04
9.082336251247897368e-03
5.429034829657950964e-03
3.568850302937073143e-03
3.848655209715424151e-03
8.536819806652756054e-03
2.139263861831700378e-02
3.793179014864700438e-02
2.910937977071757776e-02
5.860655049704909664e-02
1.058045331664223543e-01
4.996884169903681016e-04
9.825795371709430612e-03
6.922067744316646142e-03
4.102562301573601730e-03
4.101819544605720368e-03
8.822990141634514186e-03
1.855101303176107802e-02
4.390685277637042250e-02
3.440514018833486926e-02
5.310655800317585357e-02
1.215870639055817437e-01
5.803314059030754849e-04
1.242220789376732339e-02
4.644355960433181087e-03
3.123461835693125931e-03
5.024670068847572786e-03
8.694088587905039744e-03
1.810728265339527424e-02
4.868614651771287910e-02
2.812075173524877097e-02
4.485722446060039226e-02
1.430584122355332555e-01
5.389537455791038826e-04
8.675616893736847260e-03
4.121408127491519094e-03
3.051771968406566740e-03
3.593906202136816844e-03
7.754236381340336333e-03
1.791473127637954396e-02
4.278550458040202009e-02
2.165943589697181051e-02
4.056673635051685767e-02
1.146531541078383842e-01
4.085339016332726952e-04
6.951334456958020019e-03
5.661321963103371768e-03
3.632498432389478019e-03
3.541809715601139906e-03
8.646289888737338641e-03
2.328653007242844492e-02
3.764812927719250746e-02
3.072769456948687417e-02
6.363152782645471739e-02
1.000369687120033768e-01
4.953533667613444109e-04
1.030078845414079437e-02
5.481426333554988498e-03
3.666508884609519063e-03
3.785964110200209370e-03
8.275508211610179896e-03
2.175987517038579025e-02
3.817027434382847667e-02
2.876224146939563089e-02
6.038968974213788227e-02
1.053364320678123189e-01
4.940190035046075753e-04
1.000139512404337773e-02
5.356602392695438905e-03
3.542210272008958823e-03
4.059161161630409076e-03
9.240269171575755947e-03
2.104674025580439978e-02
3.915549050106938156e-02
3.041627348236883993e-02
5.442009608010231481e-02
1.082199272028967901e-01
5.047054480086084422e-04
9.575103791305137474e-03
4.438157941236400318e-03
3.116559939489053042e-03
4.116701961126892004e-03
8.895573994094241321e-03
1.854467805841288411e-02
3.997220403945464517e-02
2.695694903697595443e-02
4.390238565163991080e-02
1.130599262408049782e-01
4.645228470314038201e-04
7.843311095110638495e-03
4.875196736009056696e-03
3.256062350885576342e-03
5.997484517168283867e-03
8.871267991947824616e-03
1.917831847521411781e-02
4.801334170778932126e-02
2.873452584480276281e-02
4.812586012400676960e-02
1.434485201881040284e-01
6.108208781279315719e-04
9.255292303025399944e-03
4.039202984858299497e-03
3.057936599134196930e-03
4.215003674348671674e-03
7.947363317817923711e-03
1.684259553590782346e-02
3.381304567072436484e-02
2.168106602609516653e-02
3.710435418659200485e-02
9.580269640855788860e-02
4.528331753012607912e-04
6.895485391897028526e-03
6.070227510215265958e-03
3.690166026980673704e-03
3.478034268804645716e-03
9.788664707609744109e-03
1.845123968746772980e-02
3.203155297496088072e-02
3.671731002518136694e-02
5.406198741862084517e-02
8.755706584269082327e-02
5.030123127573951245e-04
1.081185586653243651e-02
4.061183665145819827e-03
2.822937421554595674e-03
3.268467888607506748e-03
8.206277783837643766e-03
1.845991011703451354e-02
3.224078802138449079e-02
2.492318642828396033e-02
4.492054133767928170e-02
8.784555773525999645e-02
3.881817165863267103e-04
7.056988297494883912e-03
4.479466994922579742e-03
3.123577611361773483e-03
4.444061375283443228e-03
9.192438808379008522e-03
1.702886472414956442e-02
3.640807275017154260e-02
2.798718695872881926e-02
4.119946871356691687e-02
1.073475298970539005e-01
4.982225945769923380e-04
8.080772674360428565e-03
4.346580904677718217e-03
2.731679871963815700e-03
3.002248238238559852e-03
8.415334004421364325e-03
1.476585986635369462e-02
2.628310632731307647e-02
2.830580980294750831e-02
3.849934730108974662e-02
7.231424233468718155e-02
3.954434618990893859e-04
7.665755863503933079e-03
3.524031796961883158e-03
2.534628731542107848e-03
2.676819403039445554e-03
7.943734405730925457e-03
1.488287247805712872e-02
2.415934766489519908e-02
2.255595039557385661e-02
3.402177779979517064e-02
6.137983455229829161e-02
3.229167063320502722e-04
5.878985919123904356e-03
4.275149337523736180e-03
2.794241089925856951e-03
3.279378253229060878e-03
8.602500012936740992e-03
1.640720542235794832e-02
2.545142855147179348e-02
2.755537907663779817e-02
4.269245426836697221e-02
7.255514711202187828e-02
4.148300334650024002e-04
7.613247922018391393e-03
4.528740016583417648e-03
2.868202388111972933e-03
2.791795476357951909e-03
8.531160295362700749e-03
1.561888030597824786e-02
2.168207381401151407e-02
2.721527373203978112e-02
3.896475463894481794e-02
5.151099271251961820e-02
3.800912342914935312e-04
7.776570851817400480e-03
4.222785344645181051e-03
2.736428567502375772e-03
2.813663575182923093e-03
8.735777758377976862e-03
1.559541257987963510e-02
2.533214346001586362e-02
2.718936234455794979e-02
3.829290347403130346e-02
6.421566543050127862e-02
3.776206634921289748e-04
7.303417005898327381e-03
4.212532653140617714e-03
2.828093883879372310e-03
3.280932871598721441e-03
8.766759448446660719e-03
1.773785031025752051e-02
3.063980898595414573e-02
2.683046924164412747e-02
4.308540987170524084e-02
8.487861924193296215e-02
4.141434156857620795e-04
7.398210137151612666e-03
5.022436952668509966e-03
3.094385575260847482e-03
3.187405386342078480e-03
8.870612616311978824e-03
1.691300345694593532e-02
2.825228049852842108e-02
2.934300570925358134e-02
4.409638402618998310e-02
7.437893322243631367e-02
4.433278037810526001e-04
8.777901041133065116e-03
4.584964836880654586e-03
2.711571912923191330e-03
2.955872747819350294e-03
7.979618298560309242e-03
1.196906716437926357e-02
2.825948900965490757e-02
2.741688513214450562e-02
3.191519182908056362e-02
7.812674332897362461e-02
4.115829597365132614e-04
8.038943472174452098e-03
5.768727592770000155e-03
3.329234702586320645e-03
3.187682167722848906e-03
1.050901153057172757e-02
1.540749873827036709e-02
2.804521086975023808e-02
3.721034910267046608e-02
4.256993489450292684e-02
7.329959339860608880e-02
4.786056587163457950e-04
1.001839117467643453e-02
5.480177585040760767e-03
3.254191723508863092e-03
3.685507237435172410e-03
1.023890113122544882e-02
1.434086085337312258e-02
3.935708766817272442e-02
3.618220000826539995e-02
3.868057611738913437e-02
1.104303105695115389e-01
4.872111040915446637e-04
9.587712939469906354e-03
4.656282264858807064e-03
3.029413367557473938e-03
4.631628358254218439e-03
9.328288901619803675e-03
1.481641143905373069e-02
4.158040045727690731e-02
3.015113861963355027e-02
3.727935713295928155e-02
1.228694527364826289e-01
5.170741739926571585e-04
8.476613493446296874e-03
4.131893801755433075e-03
2.636289775949859047e-03
4.348511333001378425e-03
8.377741400673066954e-03
1.295792599658249222e-02
4.599730156367277251e-02
2.708834365693919138e-02
3.140135573835250993e-02
1.335322373082803993e-01
4.719123842649607299e-04
7.524933868993637608e-03
4.654588887462960192e-03
2.982791845860064545e-03
3.084136242654788532e-03
9.556444731813096977e-03
1.545990948249449659e-02
3.191195125378819275e-02
3.179738823360610950e-02
4.056932400205898182e-02
8.482595848886516354e-02
4.083679257309949279e-04
8.164544498257280195e-03
5.482223605022134433e-03
3.322528499877233730e-03
3.622914497844229031e-03
8.705673834428861654e-03
1.759759735603852807e-02
4.184880595496355549e-02
3.212584318367704694e-02
5.020823567979601498e-02
1.183895734900322905e-01
4.833136566058841648e-04
9.772207529112935526e-03
3.748992456190443096e-03
2.579153439566218321e-03
2.729926478409674430e-03
8.058102068142287966e-03
1.440486151171075334e-02
3.390157985539168917e-02
2.406449844782926339e-02
3.475613899554051700e-02
8.774088017647227455e-02
3.395316667638794187e-04
6.393335618408105964e-03
4.413862613288673485e-03
2.734967060270853019e-03
2.823273190762782582e-03
9.491008077342551197e-03
1.373458774786952621e-02
3.530976257231079052e-02
3.154538333029146407e-02
3.500376808475207796e-02
9.262124717784187000e-02
3.830315522935123416e-04
7.618898273148540061e-03
6.308177768959133229e-03
3.864042414544349626e-03
5.771071932630737408e-03
1.127874075260524959e-02
1.876850745941401402e-02
6.051996934351135810e-02
4.126524453003528603e-02
5.133547153144991243e-02
1.790836695450532534e-01
6.466439853879260092e-04
1.157400365513320574e-02
3.886913804793228240e-03
2.731962934411759879e-03
3.668252828896102682e-03
8.844590455024715220e-03
1.563842482540888507e-02
4.973570248526866522e-02
2.591479067181258478e-02
3.657252325655348940e-02
1.390346197200836575e-01
4.110444453796347061e-04
6.783723039107735463e-03
4.663796342711862795e-03
2.844922286232578167e-03
3.239122331248494441e-03
1.142857322609941439e-02
1.556341623639186621e-02
4.757042423076312393e-02
3.976456419549585786e-02
4.060179185783245603e-02
1.305071225907831756e-01
4.209000132346297400e-04
8.217879465405640224e-03
6.740821667631712207e-03
3.633705516628051631e-03
4.598018947357225376e-03
1.173887903419031965e-02
1.760628353503509991e-02
5.698588334277399775e-02
4.756534396870926856e-02
5.079718711062666120e-02
1.654688416424021924e-01
5.972276023748766295e-04
1.194836508537872391e-02
3.232367422629204515e-03
2.320776945443154410e-03
3.026864997208241100e-03
9.441255964312602819e-03
1.383539037609094434e-02
3.592998205650480004e-02
2.669868236565418884e-02
3.177314277419718974e-02
1.012409731987749667e-01
3.435137479114279283e-04
5.541722355862923124e-03
3.828362459931108040e-03
2.399288997890250755e-03
2.436165038668382417e-03
1.021669078604325702e-02
1.578191079945058528e-02
2.668814149142775816e-02
3.344399132410646319e-02
4.054841696040818733e-02
6.828306761209269882e-02
3.293873786743927823e-04
6.617541675065928726e-03
3.442030670934812051e-03
2.360377675323942041e-03
2.739262911057191181e-03
1.041204497458123046e-02
1.867846695837624416e-02
3.832436140818450826e-02
3.066518051260827549e-02
4.439287850971227606e-02
1.026817995185548837e-01
3.311514377274837233e-04
5.883933963505046626e-03
4.846455441766494426e-03
2.957758001545347185e-03
2.724806553969608656e-03
1.233736648949289305e-02
2.482183400306391466e-02
3.813204890872268910e-02
4.232781035551342469e-02
6.852706839774692915e-02
9.521499080069188714e-02
3.957090237011188149e-04
8.440917349115995699e-03
3.803715084580570893e-03
2.310237023906519700e-03
2.508978181222805241e-03
1.137991407475587823e-02
2.009028073093271222e-02
3.707156022986601851e-02
3.774360278377323491e-02
5.166141455846020442e-02
9.939213480994721350e-02
3.423076034267914184e-04
6.631464586420528565e-03
4.621750412662588119e-03
3.067319824418037952e-03
4.157929287350022041e-02
1.927705425548760163e-02
2.415695909879416250e-02
1.516969662671277252e-01
4.879745674097372976e-02
6.034391837089525534e-02
3.736115055199883961e-01
2.497656071557031142e-03
1.455316425033024823e-02
4.059860307447737612e-03
2.402113881245321932e-03
2.295301350740730321e-03
1.135813127315583350e-02
1.865012480810182560e-02
2.697281186500022354e-02
3.959363634498123258e-02
5.037704427413047803e-02
6.853803710659754633e-02
3.345164668790932545e-04
7.034419273084802256e-03
