2.292441263393638629e-01
2.719409395622656156e-01
2.388329578705654099e-01
2.401912669159556590e-01
2.746354004952097361e-01
2.351909541201699927e-01
2.360572932180919070e-01
2.317321520157329950e-01
2.301813910632768412e-01
2.467334657472103898e-01
2.199617883888799197e-01
2.280817292477115288e-01
2.298469437684298455e-01
2.124928649143163484e-01
2.255463048706840001e-01
3.100865211251958575e-01
1.890098831078528829e-01
2.357755075593491179e-01
2.714586543210152358e-01
2.144564038618428925e-01
2.307561007172327372e-01
2.070772779827874666e-01
2.348983304139953820e-01
2.106759721725369738e-01
2.315935687566062773e-01
2.120737023017632006e-01
2.010652895369584581e-01
2.070941702075751456e-01
2.308704003723871523e-01
2.652067909013061664e-01
2.701329670945936678e-01
2.590473420652811831e-01
2.548238564989031563e-01
2.500893945705974231e-01
1.880046402315003751e-01
2.292932334746037026e-01
2.154822585091477893e-01
2.180537361015083553e-01
2.295644833611271418e-01
1.916159236180172698e-01
2.340550972727779566e-01
2.199613772277378698e-01
2.214963781958451672e-01
1.841685293390832312e-01
2.289897872092884201e-01
2.239342438922107825e-01
1.919275273900998280e-01
1.687600047981155926e-01
1.723474508964588647e-01
2.001305472282229325e-01
2.191576907380779204e-01
2.602598754350163301e-01
1.898775165364480211e-01
2.244974079525737243e-01
2.940132940758364288e-01
2.722681361150346424e-01
2.947379954546444636e-01
2.766171337453569579e-01
4.074252481216241728e-01
3.695203470605796792e-01
4.735888212444420153e-01
4.430253552699018327e-01
4.450400274015895996e-01
3.307037897999974829e-01
3.302254408612715908e-01
3.323725793403649043e-01
3.459694334591353337e-01
3.667784767171112237e-01
3.811902509431776553e-01
3.008694372159671504e-01
3.058032854275052337e-01
3.375068477609593498e-01
4.251352974870646340e-01
3.321814017421188536e-01
3.790847485180064980e-01
4.309651585465470447e-01
3.204368138727207160e-01
3.818210620347183282e-01
4.202654877060404970e-01
3.937071844074552796e-01
3.521039993183418537e-01
3.349616134437816695e-01
3.433194473643789713e-01
3.124344377544271967e-01
2.788409832388656362e-01
2.314324925561765944e-01
3.008894380779276734e-01
2.577369253117215431e-01
2.938510616762365357e-01
3.388756351998414296e-01
2.607995996854187704e-01
3.277461802107903832e-01
3.021711385762277380e-01
3.067687166075284688e-01
2.857480954896407521e-01
2.778537398228890787e-01
2.410421221118091151e-01
2.446614313545265595e-01
2.309036886421577117e-01
1.957188424881282085e-01
2.107240812084719417e-01
1.980519630706844003e-01
2.309526527374557159e-01
2.222059229073418962e-01
1.884011213489059089e-01
2.276284517917606387e-01
2.688497680349567487e-01
2.475336202189273860e-01
2.563545466074367840e-01
2.631038319968405648e-01
2.157565326378898529e-01
2.546486516308387182e-01
2.386457326297131698e-01
2.495863065885829402e-01
2.577921531393901899e-01
2.380172745893813224e-01
2.566622103419604617e-01
2.314268158793810759e-01
2.317106110933064289e-01
2.051236275777208462e-01
2.330189867738633736e-01
2.635615181599955115e-01
2.651735279583229410e-01
2.507025803788595075e-01
2.266197492370157773e-01
2.215214768469167539e-01
2.515309428278015846e-01
3.043753451567491330e-01
2.401532897840225611e-01
2.668508754038530495e-01
2.809922742477983792e-01
2.560030618748422304e-01
3.029704638908718994e-01
2.803166313939273180e-01
2.835872226344661740e-01
2.760684612690734729e-01
3.006068789346727499e-01
2.864861360461486983e-01
2.768016468013408393e-01
2.925417717224982894e-01
2.872309050780620376e-01
2.627286481589268252e-01
2.767707412903794850e-01
2.641470385506769492e-01
