-1.49303778e-01
1.61314715e-01
1.49233194e-01
5.42826437e+00
9.01251586e-01
1.05235062e+00
4.70938264e+00
1.38821386e+01
2.00173924e+01
9.03633151e+00
4.82958093e+00
6.44733751e+00
2.14337882e-01
-6.94113090e+00
1.72213035e-01
1.58441183e-01
1.44224495e-01
1.50128926e-01
1.21518978e-01
1.33468392e-01
7.35571941e+00
1.39402123e+01
2.12905869e+01
1.81014282e+00
2.34378623e+00
3.80549559e+00
-1.51121281e-04
2.67105389e-04
1.64272813e-01
1.56434313e-01
1.48430661e-01
1.97929126e-01
1.19262937e-01
5.98288454e-02
7.36351714e+00
1.38613275e+01
2.01537927e+01
2.16965111e+00
2.12755855e+00
1.70362512e+00
9.15363339e-03
-1.13650150e-01
1.69323229e-01
1.57881488e-01
1.45789562e-01
1.70153925e-01
1.11031237e-01
6.94662255e-02
7.32686101e+00
1.39071216e+01
2.05772045e+01
2.00276654e+00
2.00140053e+00
2.24938486e+00
5.70023967e-03
-5.39430132e-02
1.75549949e-01
1.69213271e-01
1.46745687e-01
1.37947088e-01
9.99987115e-02
5.68935690e-02
7.56421179e+00
1.40875514e+01
2.04368715e+01
1.41251665e+00
1.48410568e+00
2.08971470e+00
4.02477832e-03
7.76579944e-04
1.90073861e-01
1.85221883e-01
1.62399895e-01
1.52985904e-01
1.13689579e-01
6.64908029e-02
7.40441142e+00
1.39132292e+01
2.04077454e+01
1.48538539e+00
1.49469400e+00
1.80067996e+00
4.46637609e-03
-2.92908928e-03
1.81499180e-01
1.82701950e-01
1.75681633e-01
1.39308488e-01
1.05516696e-01
7.47354837e-02
7.39954737e+00
1.40316256e+01
2.04627476e+01
1.49042025e+00
1.44122338e+00
1.70263768e+00
4.43430306e-03
3.37222519e-03
1.81534894e-01
1.60926478e-01
1.62527788e-01
1.47893860e-01
9.40549601e-02
7.20091925e-02
7.38219007e+00
1.38655772e+01
2.04955064e+01
1.49482867e+00
1.74375511e+00
1.91807420e+00
4.32752406e-03
-6.15870191e-03
1.83082838e-01
1.70768750e-01
1.67497825e-01
1.35156299e-01
9.46567749e-02
6.94706642e-02
7.47675519e+00
1.40369338e+01
2.06034647e+01
1.45212975e+00
1.78097252e+00
1.78342720e+00
3.78902368e-03
1.18402784e-02
1.92204159e-01
1.72585453e-01
1.70812826e-01
1.49003960e-01
9.37274412e-02
6.66904095e-02
7.44295304e+00
1.40749987e+01
2.05078061e+01
1.51658706e+00
1.61855311e+00
1.68873442e+00
4.57145122e-03
2.81052039e-03
1.87462255e-01
1.78993403e-01
1.75199731e-01
1.55427235e-01
1.03247488e-01
7.06379287e-02
7.38070367e+00
1.39807714e+01
2.02800962e+01
1.74853558e+00
1.68507215e+00
1.75407291e+00
5.45982646e-03
-1.58630089e-02
1.98182718e-01
1.92199272e-01
1.83515673e-01
1.34705988e-01
1.01065458e-01
8.07992297e-02
7.47654805e+00
1.40218863e+01
2.07454459e+01
1.44417165e+00
1.46719432e+00
2.34832533e+00
3.04155197e-03
3.34472153e-02
1.80324100e-01
1.82059320e-01
1.77460355e-01
1.36255546e-01
1.06158814e-01
8.06835035e-02
7.48926019e+00
1.39483888e+01
2.04505165e+01
1.48516816e+00
1.53217845e+00
1.84787691e+00
4.05982324e-03
6.40092298e-03
1.85522395e-01
1.81300132e-01
1.79004708e-01
1.52202555e-01
1.08903768e-01
7.59420018e-02
7.42421016e+00
1.40331911e+01
2.05758561e+01
1.54767776e+00
1.76089731e+00
1.75763752e+00
5.23579501e-03
-1.41030360e-02
1.87784204e-01
1.85884973e-01
1.85764663e-01
1.75743581e-01
1.18034279e-01
7.52321490e-02
7.43395570e+00
1.39982332e+01
2.05295527e+01
1.63016040e+00
1.58315896e+00
1.68748517e+00
7.40531175e-03
-5.07272093e-02
2.02801978e-01
2.27274385e-01
1.93407136e-01
8.53345359e-02
8.60881109e-02
3.43850569e-02
7.38300937e+00
1.41663941e+01
2.02220668e+01
1.10456647e+00
5.56165906e-01
8.11834380e-01
3.18710123e-03
9.32252684e-02
1.95602039e-01
1.91241554e-01
1.79412741e-01
1.36560336e-01
1.07654255e-01
8.10251735e-02
7.59518087e+00
1.40963704e+01
2.06601369e+01
1.26058684e+00
1.59724543e+00
2.13953255e+00
3.08552314e-03
2.73622069e-02
2.04613156e-01
1.92725512e-01
1.79295970e-01
1.73485870e-01
1.11499965e-01
5.67770517e-02
7.53904626e+00
1.41226753e+01
2.04249862e+01
1.40130361e+00
1.51517815e+00
1.53111343e+00
6.95878731e-03
-2.77344034e-02
1.95862801e-01
1.75342932e-01
1.67876483e-01
1.97263288e-01
1.19667337e-01
6.99379905e-02
7.50135989e+00
1.40551654e+01
2.02914266e+01
1.76850070e+00
1.94602903e+00
1.82769276e+00
7.51482562e-03
-6.88674366e-02
2.07237120e-01
1.86901951e-01
1.73315014e-01
2.01896272e-01
1.31483981e-01
9.01461177e-02
7.47894640e+00
1.39870499e+01
2.04914168e+01
1.77918491e+00
2.04163066e+00
2.60890414e+00
5.96306153e-03
-5.45203832e-02
1.94897772e-01
1.79700251e-01
1.60712036e-01
1.42574650e-01
9.95413185e-02
6.90088941e-02
7.60822417e+00
1.41799525e+01
2.05207319e+01
1.35192500e+00
1.35468017e+00
2.30256288e+00
3.07244783e-03
2.27631498e-02
2.03507009e-01
1.83445626e-01
1.70791234e-01
1.74819003e-01
1.15032109e-01
8.67731578e-02
7.57547750e+00
1.41050050e+01
2.04653508e+01
1.54377800e+00
1.58066198e+00
2.52428131e+00
4.32428957e-03
-1.36434552e-02
1.93004330e-01
1.66113679e-01
1.70533272e-01
1.57768359e-01
9.82548882e-02
8.00387959e-02
7.60254072e+00
1.40294690e+01
2.05619266e+01
1.47235628e+00
1.83872650e+00
1.95330294e+00
4.26306277e-03
-6.38591892e-03
2.07880565e-01
1.77824055e-01
1.84540018e-01
4.80086516e-01
2.99354990e-01
1.37575871e-01
7.19514115e+00
1.34560758e+01
2.02385803e+01
2.75900154e+00
4.20729617e+00
2.87362622e+00
2.41442059e-02
-5.45422357e-01
1.88279515e-01
1.63975058e-01
1.58088915e-01
1.86232655e-01
1.22198618e-01
1.11268190e-01
7.47726064e+00
1.38332153e+01
2.05377898e+01
1.95627589e+00
2.13552067e+00
2.99473591e+00
3.62811648e-03
-4.30348508e-02
2.18644068e-01
2.15333893e-01
1.91738646e-01
1.72226697e-01
1.42663192e-01
1.01509707e-01
7.50822216e+00
1.36651314e+01
2.05332438e+01
1.30804763e+00
1.54466339e+00
1.98655564e+00
3.53002731e-03
9.15769964e-03
2.10202954e-01
2.00380468e-01
1.85485619e-01
1.48172274e-01
1.13692356e-01
8.58857632e-02
7.46439718e+00
1.38818004e+01
2.04744083e+01
1.39124692e+00
1.52432544e+00
1.99827155e+00
2.93433050e-03
3.20762129e-02
2.02127019e-01
1.81993788e-01
1.79235613e-01
1.42639460e-01
9.79287142e-02
8.62631233e-02
7.49242834e+00
1.38202879e+01
2.02600586e+01
1.59677364e+00
1.64611139e+00
2.01565275e+00
2.63061360e-03
3.14732334e-02
1.88305096e-01
1.63340976e-01
1.61535388e-01
1.38773352e-01
9.37370724e-02
8.23670597e-02
7.55237129e+00
1.37552285e+01
2.01864822e+01
1.38128532e+00
1.87993457e+00
2.20206061e+00
2.44834816e-03
2.07266306e-02
1.84536605e-01
1.63148534e-01
1.56557545e-01
1.46454163e-01
9.19905249e-02
6.76075076e-02
7.41123816e+00
1.36815888e+01
2.00403950e+01
1.61210472e+00
1.71708638e+00
2.20309922e+00
4.01304218e-03
-7.28989170e-05
1.95360876e-01
1.67987814e-01
1.57957940e-01
1.50771875e-01
1.00361185e-01
7.79192935e-02
7.49152344e+00
1.36847782e+01
2.03083649e+01
1.31342840e+00
1.83276852e+00
2.42196712e+00
2.92684886e-03
1.18946218e-02
1.64771951e-01
1.65721770e-01
1.72037371e-01
2.09234897e-01
1.40410356e-01
1.01762875e-01
7.34750878e+00
1.35300065e+01
1.98099153e+01
2.34671185e+00
2.46629392e+00
2.13491352e+00
8.90580448e-03
-1.32076133e-01
1.79385015e-01
1.78981443e-01
1.71291918e-01
1.46223301e-01
1.11120968e-01
8.74610546e-02
7.50735569e+00
1.35428304e+01
2.00292791e+01
1.67624940e+00
1.77146859e+00
2.46226260e+00
4.18878608e-03
-1.03544071e-02
1.92777521e-01
1.98449582e-01
1.90456636e-01
1.33692207e-01
1.11988793e-01
9.26030774e-02
7.66844967e+00
1.37978634e+01
1.98372765e+01
1.28500236e+00
1.45985915e+00
2.15477788e+00
3.28204611e-03
2.50901245e-02
2.19818605e-01
2.16878700e-01
2.18142981e-01
2.00646331e-01
1.33824334e-01
1.19489983e-01
7.25150092e+00
1.36357177e+01
1.96994397e+01
2.35032680e+00
1.62319098e+00
2.10790136e+00
6.03168632e-03
-3.60229741e-02
2.04883776e-01
2.25575977e-01
2.29587730e-01
1.56301070e-01
1.44324053e-01
1.25809438e-01
7.50159586e+00
1.36699605e+01
1.99468706e+01
1.33095976e+00
1.35739494e+00
1.48706472e+00
4.45289093e-03
6.74183674e-03
2.15838927e-01
2.37100189e-01
2.23022485e-01
1.66188021e-01
1.52884816e-01
1.16141002e-01
7.52528707e+00
1.37191908e+01
1.99442462e+01
1.30085771e+00
1.31331673e+00
1.62728170e+00
4.62600923e-03
6.30072589e-03
2.12067303e-01
2.29623130e-01
2.28491552e-01
1.82791079e-01
1.55485313e-01
1.26318721e-01
7.54902180e+00
1.37783203e+01
1.99311990e+01
1.39840817e+00
1.33075659e+00
1.65783175e+00
5.86786920e-03
-2.40311890e-02
2.13759709e-01
2.31135362e-01
2.37029214e-01
2.17389810e-01
1.71526231e-01
1.33454405e-01
7.43160692e+00
1.35477381e+01
1.99426266e+01
1.71281880e+00
1.58995638e+00
1.68009260e+00
8.50781524e-03
-8.00787933e-02
2.20792356e-01
2.40064753e-01
2.35141291e-01
1.68929960e-01
1.55777918e-01
1.29474104e-01
7.52912070e+00
1.37009755e+01
1.99219216e+01
1.19156317e+00
1.21153410e+00
1.48568391e+00
4.37184035e-03
1.13318941e-02
2.33353999e-01
2.37598128e-01
2.46476396e-01
1.83916777e-01
1.51175146e-01
1.31647266e-01
7.53359264e+00
1.36225104e+01
1.97823296e+01
1.20785917e+00
1.32743209e+00
1.34207594e+00
5.33381006e-03
8.33781141e-04
2.36824779e-01
2.58700608e-01
2.59766894e-01
1.65937180e-01
1.57512111e-01
1.37696335e-01
7.59578203e+00
1.36414224e+01
1.98567153e+01
1.10254579e+00
1.11330378e+00
1.35586239e+00
4.22357515e-03
3.19764966e-02
2.31655338e-01
2.52566494e-01
2.64323911e-01
1.77310647e-01
1.57018132e-01
1.40352882e-01
7.56698047e+00
1.35842525e+01
1.97632937e+01
1.36884774e+00
1.37757016e+00
1.51118752e+00
5.73351585e-03
1.01735991e-03
2.52652162e-01
2.79730961e-01
2.78871763e-01
1.99205388e-01
1.81941194e-01
1.46765160e-01
7.54095231e+00
1.35670650e+01
1.97298974e+01
1.23045778e+00
1.27889971e+00
1.39013335e+00
6.47017530e-03
-5.07044210e-03
2.63382781e-01
2.80168502e-01
2.99384919e-01
2.30400932e-01
1.95491753e-01
1.72101771e-01
7.55192848e+00
1.35860278e+01
1.98934742e+01
1.26524989e+00
1.44574464e+00
1.43036859e+00
7.70090428e-03
-3.80691098e-02
2.51555445e-01
2.90404438e-01
2.89049566e-01
2.03866397e-01
1.92207380e-01
1.50060470e-01
7.56772541e+00
1.37436743e+01
1.99475440e+01
1.17960101e+00
1.21039835e+00
1.33534479e+00
7.37112049e-03
-1.69290929e-02
2.39372789e-01
2.75379202e-01
2.89844001e-01
1.88556816e-01
1.79824590e-01
1.57301848e-01
7.61264435e+00
1.36573629e+01
1.98698822e+01
1.24981022e+00
1.38947439e+00
1.38699575e+00
6.70890900e-03
-1.12700568e-02
2.57298572e-01
2.83921560e-01
2.90374991e-01
1.82806225e-01
1.73125170e-01
1.51269354e-01
7.54592463e+00
1.37385511e+01
2.00511180e+01
1.14008608e+00
1.24992510e+00
1.34750138e+00
5.20488448e-03
2.67034395e-02
2.41832341e-01
2.97041964e-01
2.79974539e-01
2.11246364e-01
2.09174277e-01
1.52673931e-01
7.53170551e+00
1.37181729e+01
1.99919719e+01
1.49053523e+00
1.40347147e+00
1.72222245e+00
7.77398952e-03
-4.10658888e-02
2.51862667e-01
3.03561391e-01
2.86972747e-01
1.61051228e-01
1.80164517e-01
1.40962460e-01
7.68623603e+00
1.36668849e+01
2.00446945e+01
1.16567809e+00
1.14361443e+00
1.54100099e+00
4.58631521e-03
4.70465029e-02
2.73295686e-01
2.98395010e-01
2.82944965e-01
2.11092890e-01
1.85659439e-01
1.28112805e-01
7.52971904e+00
1.37299438e+01
2.00960497e+01
1.26706026e+00
1.38258820e+00
1.52312872e+00
7.38415258e-03
-4.04720118e-03
2.49956065e-01
2.85446700e-01
2.81925678e-01
2.45038941e-01
2.04745821e-01
1.45945398e-01
7.50747876e+00
1.38138369e+01
1.99982809e+01
1.83272793e+00
1.67641975e+00
1.47974798e+00
1.02009219e-02
-8.71995430e-02
2.50587162e-01
2.90153893e-01
2.67619350e-01
2.11606815e-01
1.99940587e-01
1.45400362e-01
7.59364844e+00
1.38882297e+01
2.02294109e+01
1.58009009e+00
1.53095784e+00
1.85644852e+00
6.58507019e-03
-2.52635299e-02
2.25864690e-01
2.67096088e-01
2.42821461e-01
1.73894668e-01
1.71831666e-01
1.14508098e-01
7.61670753e+00
1.38826686e+01
1.99129613e+01
1.41915550e+00
1.41579154e+00
1.48486676e+00
6.10534660e-03
-4.52487064e-03
2.21194913e-01
2.80066399e-01
2.51728294e-01
1.80983713e-01
1.96539890e-01
1.43237175e-01
7.65992354e+00
1.42201412e+01
2.02166188e+01
1.60641703e+00
1.56357090e+00
1.80440628e+00
5.28133391e-03
-1.37060237e-02
2.59612346e-01
2.75251433e-01
2.54973690e-01
1.92901760e-01
1.72891495e-01
1.20735195e-01
7.61905609e+00
1.40708220e+01
2.00844770e+01
1.18075011e+00
1.61912638e+00
1.51086046e+00
5.30412508e-03
1.43065814e-02
2.49651201e-01
2.78074013e-01
2.56038578e-01
2.08343771e-01
1.86653057e-01
1.27439482e-01
7.58471206e+00
1.41134873e+01
2.00832621e+01
1.51938649e+00
1.71049243e+00
1.70727643e+00
6.75437251e-03
-2.42458639e-02
2.43185944e-01
2.68405223e-01
2.40139472e-01
1.99222027e-01
1.79399459e-01
1.21633936e-01
7.57701080e+00
1.40617039e+01
2.02400918e+01
1.46935632e+00
1.59921330e+00
1.90913288e+00
5.81364846e-03
-1.30746489e-02
2.30853810e-01
2.86582354e-01
2.47681800e-01
1.73258672e-01
1.87501589e-01
1.15420705e-01
7.63330083e+00
1.42390976e+01
2.03654882e+01
1.47547230e+00
1.53449568e+00
1.54109637e+00
5.69953556e-03
2.82252844e-03
-3.31267438e-02
2.78914290e-01
2.45596005e-01
4.75748233e+00
8.71352308e-01
7.13546015e-01
5.33751210e+00
1.42552656e+01
1.97659655e+01
8.49973343e+00
3.70792727e+00
4.13405032e+00
2.08478146e-01
-6.08593472e+00
2.42163918e-01
2.95607801e-01
2.60704142e-01
1.64653559e-01
1.80176076e-01
1.22583388e-01
7.70535292e+00
1.45204928e+01
2.03681578e+01
1.31789048e+00
1.27851678e+00
1.59086618e+00
4.63217640e-03
3.37875942e-02
2.35007344e-01
2.80300502e-01
2.53780481e-01
1.66192935e-01
1.72085005e-01
1.19664672e-01
7.57235283e+00
1.45178577e+01
2.02318225e+01
1.29636662e+00
1.35106095e+00
1.47545558e+00
4.92461870e-03
2.36455878e-02
2.43594994e-01
2.98375250e-01
2.40310251e-01
1.63554255e-01
1.79826597e-01
9.58407411e-02
7.65053552e+00
1.45979836e+01
2.01776914e+01
1.24532056e+00
1.27553736e+00
1.53848971e+00
4.88422559e-03
3.53857527e-02
2.40734478e-01
2.75824066e-01
2.31069183e-01
1.77186069e-01
1.74551587e-01
1.08897275e-01
7.70901991e+00
1.44772543e+01
2.02823903e+01
1.38233901e+00
1.35481178e+00
1.75627152e+00
4.47770591e-03
2.02210139e-02
2.34548804e-01
2.75545840e-01
2.29377823e-01
2.36908825e-01
2.06360004e-01
1.24560512e-01
7.61396048e+00
1.43649472e+01
2.01841570e+01
1.94589216e+00
1.71863593e+00
2.16610243e+00
8.05312466e-03
-7.98282026e-02
2.44068464e-01
2.95590223e-01
2.39079654e-01
2.07057096e-01
2.05652936e-01
1.20510518e-01
7.60267235e+00
1.43801282e+01
2.02680000e+01
1.66627034e+00
1.54389097e+00
2.00594109e+00
6.15055153e-03
-2.28434897e-02
2.43423193e-01
2.87301262e-01
2.35215889e-01
2.11804168e-01
1.97333837e-01
1.02518614e-01
7.62062891e+00
1.44856323e+01
2.01594232e+01
1.66324315e+00
1.56861558e+00
1.40835210e+00
7.53442901e-03
-3.68668271e-02
2.63391514e-01
3.06429779e-01
2.26934047e-01
2.05420085e-01
1.91394881e-01
7.41727491e-02
7.63194595e+00
1.45952105e+01
1.99961509e+01
1.43687343e+00
1.28546312e+00
1.58630409e+00
7.22251149e-03
-4.65921311e-03
2.82020575e-01
3.09658724e-01
2.35416415e-01
2.19303469e-01
2.02236601e-01
1.02774332e-01
7.75754521e+00
1.45499956e+01
2.02582200e+01
1.29387920e+00
1.40184803e+00
2.02829331e+00
5.35934942e-03
1.02432613e-02
2.84758349e-01
3.10682289e-01
2.52497748e-01
2.09394571e-01
1.90002667e-01
1.07815891e-01
7.67130223e+00
1.45133499e+01
2.05976188e+01
1.44392510e+00
1.43313863e+00
2.09255131e+00
5.22103586e-03
2.45725965e-02
2.74584443e-01
3.13538639e-01
2.38840522e-01
2.08871248e-01
1.96262418e-01
8.84108244e-02
7.71182385e+00
1.45885347e+01
2.05905740e+01
1.31878902e+00
1.33478228e+00
2.06649461e+00
6.41715888e-03
6.88022657e-03
2.91456200e-01
3.21220038e-01
2.53525998e-01
2.51141318e-01
2.16437416e-01
1.04279726e-01
7.65116371e+00
1.45311493e+01
2.05427451e+01
1.50029243e+00
1.58744885e+00
2.01283821e+00
8.13624228e-03
-3.53588366e-02
2.83546224e-01
3.42139722e-01
2.49410802e-01
2.16212428e-01
2.26476317e-01
1.12731617e-01
7.69924852e+00
1.46461650e+01
2.05250209e+01
1.41228449e+00
1.27234624e+00
2.20801603e+00
5.24077595e-03
1.63883270e-02
2.87109809e-01
3.37773432e-01
2.54523911e-01
2.60325129e-01
2.43076378e-01
1.14154958e-01
7.66872021e+00
1.44699760e+01
2.07282942e+01
1.56190646e+00
1.51154812e+00
2.09025073e+00
8.48476260e-03
-5.25750915e-02
2.78307671e-01
3.48363528e-01
2.48992723e-01
2.28197974e-01
2.33106776e-01
8.76868805e-02
7.65006737e+00
1.46592393e+01
2.05637945e+01
1.44750929e+00
1.29878595e+00
1.75233093e+00
8.28033539e-03
-2.25589458e-02
3.00833483e-01
3.41643680e-01
2.59474279e-01
2.74701984e-01
2.61677655e-01
1.69772840e-01
7.71236512e+00
1.44772649e+01
2.11741836e+01
1.55718139e+00
1.70463161e+00
3.09677189e+00
5.06440446e-03
-3.70828797e-02
3.15048232e-01
3.52757295e-01
2.63734960e-01
2.65845363e-01
2.52112830e-01
1.34492355e-01
7.68255036e+00
1.45243410e+01
2.09357417e+01
1.27584092e+00
1.49135437e+00
2.41892146e+00
6.06865900e-03
-1.31912584e-02
3.07122156e-01
3.57544361e-01
2.57212744e-01
2.66438959e-01
2.44979928e-01
1.03155772e-01
7.64381378e+00
1.45781284e+01
2.06537826e+01
1.51395231e+00
1.36260481e+00
2.33063104e+00
8.48558589e-03
-3.64942810e-02
3.17179743e-01
3.62819795e-01
2.58324283e-01
3.04930885e-01
2.75767480e-01
1.24223356e-01
7.64566536e+00
1.44151069e+01
2.10062893e+01
1.59896354e+00
1.55908546e+00
2.48262639e+00
9.05430446e-03
-7.50142474e-02
3.13953490e-01
3.51209152e-01
2.66191526e-01
3.06714366e-01
2.60879115e-01
1.29696967e-01
7.65674246e+00
1.45324867e+01
2.08128312e+01
1.70542458e+00
1.60166569e+00
2.45877389e+00
9.58188099e-03
-8.39316211e-02
3.17492286e-01
3.53043529e-01
2.50941769e-01
3.06999870e-01
2.63962599e-01
1.06445913e-01
7.64738468e+00
1.44683607e+01
2.11421025e+01
1.63257565e+00
1.67997221e+00
2.56650856e+00
9.83033071e-03
-8.34962514e-02
3.05364430e-01
3.57289287e-01
2.65412355e-01
3.77939397e-01
2.92991903e-01
9.80466611e-02
7.61509563e+00
1.44646417e+01
2.07112659e+01
2.01171702e+00
1.76179334e+00
1.68471917e+00
1.75178260e-02
-2.25752127e-01
3.05091110e-01
3.63099469e-01
2.46207780e-01
1.78778668e-01
3.14885221e-01
7.50365263e-01
7.89487055e+00
1.44745836e+01
2.27905286e+01
1.02201996e+00
1.78133589e+00
6.42195244e+00
-3.39701098e-02
2.55387049e-01
3.12210648e-01
3.35340782e-01
2.63999346e-01
2.90927277e-01
2.36284115e-01
1.09685510e-01
7.56218238e+00
1.43777698e+01
2.08952536e+01
1.62582890e+00
1.63067750e+00
2.18187564e+00
9.78785014e-03
-6.83883188e-02
3.21341517e-01
3.38376621e-01
2.68111103e-01
3.52431149e-01
2.62750084e-01
1.09467174e-01
7.60136044e+00
1.43410512e+01
2.07531685e+01
1.70619752e+00
1.71578025e+00
1.93996289e+00
1.40412294e-02
-1.56145543e-01
3.23334603e-01
3.26649834e-01
2.71261133e-01
3.62499153e-01
2.43088533e-01
8.91369844e-02
7.53127628e+00
1.42753895e+01
2.05143198e+01
1.76693404e+00
1.76943396e+00
1.59651004e+00
1.64509010e-02
-1.80044313e-01
3.47467132e-01
3.50874323e-01
2.85825757e-01
3.35812360e-01
2.52784840e-01
1.18423572e-01
7.57533218e+00
1.43341453e+01
2.09801490e+01
1.44407882e+00
1.65271763e+00
2.14194900e+00
1.15170118e-02
-9.28009949e-02
3.26617279e-01
3.50031776e-01
2.80288623e-01
3.30880609e-01
2.93636122e-01
2.14141683e-01
7.57681485e+00
1.42419760e+01
2.15485783e+01
1.55717689e+00
1.87158764e+00
3.39159934e+00
5.84377466e-03
-8.19177374e-02
3.35254886e-01
3.59167866e-01
2.46404841e-01
2.43389085e-01
3.29472238e-01
9.31522028e-01
7.74851828e+00
1.42514643e+01
2.34548873e+01
1.17774007e+00
1.93541988e+00
7.59265351e+00
-3.75030587e-02
1.79198664e-01
3.36752148e-01
3.70576519e-01
2.87040587e-01
4.22816441e-01
2.96323837e-01
7.42969215e-02
7.53642617e+00
1.41692278e+01
2.07600343e+01
1.84251089e+00
1.70026876e+00
1.33890229e+00
2.20280703e-02
-2.71102405e-01
3.32004555e-01
3.42638076e-01
2.79256106e-01
3.98319680e-01
2.69895330e-01
8.64810290e-02
7.51516710e+00
1.41746111e+01
2.05916796e+01
1.78512191e+00
1.77889942e+00
1.24365489e+00
1.92171529e-02
-2.29486280e-01
3.30636511e-01
3.57970210e-01
2.74222705e-01
2.26249944e-01
3.22810026e-01
8.03303715e-01
7.84994219e+00
1.42919973e+01
2.28838753e+01
1.13620180e+00
1.93889637e+00
6.44467525e+00
-3.31836216e-02
2.13361343e-01
3.33786023e-01
3.39432673e-01
2.73242357e-01
3.60208609e-01
2.63213086e-01
1.17568364e-01
7.56912870e+00
1.42426875e+01
2.10780968e+01
1.67132859e+00
1.73387082e+00
2.31377448e+00
1.33798949e-02
-1.47691376e-01
3.26958245e-01
3.40016555e-01
2.73386039e-01
3.30746385e-01
2.56175530e-01
1.26082725e-01
7.60291110e+00
1.41749042e+01
2.07892890e+01
1.56625875e+00
1.53079123e+00
2.09604843e+00
1.13569607e-02
-1.06424781e-01
3.18226797e-01
3.19730071e-01
2.76758112e-01
3.77038447e-01
2.60106991e-01
1.20802564e-01
7.53039199e+00
1.41063357e+01
2.06966263e+01
1.82628994e+00
1.85698985e+00
1.74845706e+00
1.59362672e-02
-2.00121760e-01
3.27077946e-01
3.26320660e-01
2.84730823e-01
3.31440795e-01
2.44922854e-01
1.35659310e-01
7.52449887e+00
1.40655927e+01
2.05532506e+01
1.58724658e+00
1.69631064e+00
1.78301706e+00
1.15776410e-02
-1.09406567e-01
3.21185776e-01
3.11769955e-01
2.86599323e-01
3.26529554e-01
2.27012573e-01
1.27182790e-01
7.50770464e+00
1.38905235e+01
2.02023089e+01
1.56101553e+00
1.63827019e+00
1.43568556e+00
1.26987079e-02
-1.16319070e-01
3.30687079e-01
3.28801278e-01
3.05405200e-01
3.33925231e-01
2.47201355e-01
1.46116734e-01
7.53099925e+00
1.38463235e+01
2.03496932e+01
1.42631811e+00
1.67158836e+00
1.49397668e+00
1.25805603e-02
-1.16125376e-01
3.09684887e-01
3.24880696e-01
2.82725751e-01
2.73437972e-01
2.20772396e-01
1.33982110e-01
7.54508046e+00
1.39909937e+01
2.02387764e+01
1.44564820e+00
1.28755231e+00
1.70917840e+00
8.73330272e-03
-4.05030073e-02
2.94125143e-01
3.06677276e-01
2.91896671e-01
3.24058411e-01
2.34708232e-01
1.52346337e-01
7.45272705e+00
1.38905084e+01
2.01986653e+01
1.83822965e+00
1.49750547e+00
1.54080302e+00
1.29140229e-02
-1.40419978e-01
2.91627910e-01
2.98265269e-01
2.85974234e-01
3.17783232e-01
2.27487434e-01
1.45882897e-01
7.44590131e+00
1.38946092e+01
2.02971350e+01
1.72372222e+00
1.51334698e+00
1.55700917e+00
1.26507847e-02
-1.34336503e-01
2.91739195e-01
3.05071087e-01
2.87905666e-01
3.25919782e-01
2.35595017e-01
1.49421246e-01
7.44189424e+00
1.39385475e+01
2.01788720e+01
1.82018886e+00
1.51648072e+00
1.57623429e+00
1.31453760e-02
-1.46434517e-01
2.92635426e-01
3.05680750e-01
2.99045129e-01
2.77358990e-01
2.19760497e-01
1.60954826e-01
7.47306969e+00
1.38414211e+01
2.00953781e+01
1.49031166e+00
1.31163732e+00
1.23757357e+00
9.52415513e-03
-6.63737244e-02
2.94606486e-01
2.94905003e-01
2.88537621e-01
2.97451017e-01
2.18678146e-01
1.56810509e-01
7.51240848e+00
1.38607253e+01
2.01602567e+01
1.58008460e+00
1.41111764e+00
1.44597254e+00
1.04263795e-02
-9.34909035e-02
3.31971880e-01
2.87973902e-01
3.01651298e-01
3.13686698e-01
2.02680969e-01
1.70251452e-01
7.56787625e+00
1.38044539e+01
2.00752195e+01
1.37176466e+00
1.44042000e+00
1.51941001e+00
8.95219601e-03
-6.22041926e-02
3.00296955e-01
3.08892361e-01
2.94276583e-01
2.95821559e-01
2.38639568e-01
1.84048668e-01
7.49185480e+00
1.38401551e+01
2.02200244e+01
1.54163930e+00
1.36586829e+00
1.57673330e+00
8.19888849e-03
-7.02894029e-02
2.96157481e-01
2.96410531e-01
2.84881018e-01
2.73550790e-01
2.18554803e-01
1.78716615e-01
7.54217439e+00
1.39212881e+01
2.02158442e+01
1.44086319e+00
1.21202313e+00
1.59370506e+00
6.52143698e-03
-3.69759842e-02
2.91217939e-01
2.89311178e-01
2.99161799e-01
3.06390981e-01
2.23094946e-01
1.77554380e-01
7.52332495e+00
1.38725467e+01
2.02052547e+01
1.67265347e+00
1.47408801e+00
1.38779611e+00
1.05335917e-02
-1.07932008e-01
3.05940065e-01
3.01679321e-01
2.92002189e-01
2.80173827e-01
2.24803751e-01
1.94193491e-01
7.51331716e+00
1.39021418e+01
2.04687147e+01
1.41238277e+00
1.36101979e+00
1.95842243e+00
5.68024501e-03
-3.10089081e-02
3.02941607e-01
3.12866506e-01
3.00310290e-01
2.61914483e-01
2.20464654e-01
1.75876928e-01
7.52201564e+00
1.39161690e+01
2.02663086e+01
1.31651160e+00
1.17297044e+00
1.43923107e+00
6.49381117e-03
-1.72117184e-02
2.86884623e-01
3.00207177e-01
3.03206116e-01
2.47663821e-01
2.11156627e-01
1.82410132e-01
7.46216757e+00
1.38588931e+01
2.02883877e+01
1.37426741e+00
1.20596262e+00
1.36399000e+00
6.30546212e-03
-1.71189357e-02
2.84980587e-01
3.03851829e-01
2.91997187e-01
2.78979131e-01
2.35195774e-01
1.90100312e-01
7.44184630e+00
1.39382366e+01
2.04335296e+01
1.63245789e+00
1.39231779e+00
1.70385449e+00
7.29468521e-03
-6.18279381e-02
2.73991904e-01
2.90464923e-01
2.79698594e-01
2.96001403e-01
2.37617411e-01
1.89384537e-01
7.36433873e+00
1.39371100e+01
2.03740790e+01
1.85851480e+00
1.47689535e+00
1.70553283e+00
8.38916552e-03
-9.84105847e-02
2.88236164e-01
3.03812085e-01
2.83347480e-01
2.58310677e-01
2.24265507e-01
1.81773365e-01
7.54067406e+00
1.40177097e+01
2.03797087e+01
1.49663053e+00
1.23669900e+00
1.66465872e+00
5.52327605e-03
-2.26173163e-02
2.48648205e-01
2.82889978e-01
2.62660810e-01
2.59831364e-01
2.24745439e-01
1.67516762e-01
7.33289987e+00
1.38828748e+01
2.04570286e+01
1.88099733e+00
1.40887393e+00
1.68644828e+00
7.91581518e-03
-8.18885135e-02
2.40547068e-01
2.67646982e-01
2.67649358e-01
2.63808943e-01
2.10821774e-01
1.71376307e-01
7.33168658e+00
1.39191860e+01
2.03576448e+01
2.09764285e+00
1.46111047e+00
1.61178942e+00
8.82934622e-03
-1.00465377e-01
2.28469658e-01
2.86353540e-01
2.62539224e-01
2.28238224e-01
2.20716715e-01
1.64001964e-01
7.36895738e+00
1.39182046e+01
2.04316487e+01
2.04358405e+00
1.44915291e+00
1.68585258e+00
7.30568126e-03
-6.65927083e-02
2.26554357e-01
2.64533153e-01
2.48764674e-01
2.62375515e-01
2.18672306e-01
1.61060980e-01
7.37775149e+00
1.39171211e+01
2.04390657e+01
2.14677454e+00
1.55976316e+00
1.76691755e+00
9.14595859e-03
-1.17963148e-01
2.29708692e-01
2.59790860e-01
2.62686470e-01
2.06599846e-01
1.86453801e-01
1.51262789e-01
7.41751149e+00
1.38590574e+01
2.04030860e+01
1.60384970e+00
1.50951148e+00
1.36359760e+00
6.71103953e-03
-3.80262570e-02
2.21889509e-01
2.74256328e-01
2.58514046e-01
2.32784719e-01
2.09207362e-01
1.65136985e-01
7.30331750e+00
1.39623249e+01
2.05317730e+01
2.52091838e+00
1.51305818e+00
1.67511112e+00
7.44252599e-03
-7.81273794e-02
2.12534502e-01
2.58601954e-01
2.51170974e-01
2.32103574e-01
2.03709792e-01
1.56815775e-01
7.28165869e+00
1.38542810e+01
2.04171705e+01
2.27587680e+00
1.57715393e+00
1.53733673e+00
8.31696217e-03
-9.33402944e-02
2.09686161e-01
2.63669013e-01
2.42262474e-01
1.79025627e-01
1.88464537e-01
1.44485879e-01
7.36251804e+00
1.38742990e+01
2.03138775e+01
1.77560176e+00
1.16868260e+00
1.44148720e+00
5.05373752e-03
-1.41967000e-02
2.09671223e-01
2.47109532e-01
2.27846653e-01
3.07317855e-01
2.26330866e-01
1.53218619e-01
7.27004645e+00
1.38983847e+01
2.02357340e+01
2.69414348e+00
1.83783838e+00
1.81330677e+00
1.24246462e-02
-2.07071537e-01
2.08651773e-01
2.42202738e-01
2.42298327e-01
1.90820953e-01
1.73141456e-01
1.44506681e-01
7.30088522e+00
1.39281323e+01
2.03418588e+01
1.92892488e+00
1.48027948e+00
1.46315727e+00
5.91543910e-03
-3.53812724e-02
2.27333153e-01
2.65793283e-01
2.51265837e-01
2.13473532e-01
1.90260675e-01
1.35385163e-01
7.41765854e+00
1.40500887e+01
2.03468996e+01
1.86736052e+00
1.49329524e+00
1.39354792e+00
7.60003073e-03
-5.32490388e-02
2.09585021e-01
2.52270993e-01
2.43031427e-01
2.20167817e-01
1.90726895e-01
1.41334848e-01
7.35536866e+00
1.39784189e+01
2.03329674e+01
2.11833210e+00
1.55596004e+00
1.63560880e+00
8.31919787e-03
-8.39595812e-02
2.06064966e-01
2.28926133e-01
2.31900348e-01
2.94251453e-01
2.06392365e-01
1.62919584e-01
7.12329077e+00
1.38693455e+01
2.04021172e+01
2.77421679e+00
2.04498054e+00
2.02546783e+00
1.11090806e-02
-1.88393787e-01
1.96725989e-01
2.26768521e-01
2.13901076e-01
1.67120608e-01
1.51999819e-01
1.16839693e-01
7.36640469e+00
1.39164253e+01
2.03559712e+01
1.90295170e+00
1.29153639e+00
1.56615014e+00
5.03708707e-03
-1.48626141e-02
1.96159736e-01
2.21753526e-01
2.02749382e-01
1.52446002e-01
1.41394090e-01
1.03039657e-01
7.40350447e+00
1.39410053e+01
2.02421402e+01
1.63638897e+00
1.23178605e+00
1.59158807e+00
4.26538378e-03
5.72776919e-03
1.90833233e-01
2.32290157e-01
2.27399819e-01
1.90325681e-01
1.70583401e-01
1.27529051e-01
7.33706401e+00
1.38273952e+01
2.02792833e+01
2.00033029e+00
1.47666244e+00
1.47651571e+00
7.45358229e-03
-6.42138895e-02
1.90059470e-01
2.09429857e-01
1.95806299e-01
1.69039709e-01
1.43328534e-01
1.04108439e-01
7.35840852e+00
1.38477118e+01
2.03534069e+01
1.80442878e+00
1.44098606e+00
1.73047270e+00
5.33488283e-03
-2.67856884e-02
1.99924646e-01
2.10490104e-01
2.08546890e-01
2.07966663e-01
1.60417761e-01
1.28225266e-01
7.39228355e+00
1.37891406e+01
2.02851695e+01
2.05167531e+00
1.68714236e+00
1.77530650e+00
6.66332217e-03
-7.01183229e-02
1.78889288e-01
1.96638655e-01
1.99653718e-01
1.44642667e-01
1.31877514e-01
1.18455749e-01
7.39584655e+00
1.39039827e+01
2.03722614e+01
1.56856429e+00
1.48242409e+00
1.69399453e+00
3.60475582e-03
-9.03280530e-04
1.90502583e-01
1.98574771e-01
2.01330968e-01
1.71806905e-01
1.36171583e-01
1.14027809e-01
7.31533225e+00
1.38065750e+01
2.02997649e+01
1.78441348e+00
1.47491207e+00
1.59076754e+00
5.16871662e-03
-2.74863967e-02
1.94185389e-01
2.03367973e-01
1.93589886e-01
1.55362119e-01
1.37069628e-01
1.12691072e-01
7.44455484e+00
1.38097434e+01
2.03823640e+01
1.35187719e+00
1.41219837e+00
1.85164247e+00
3.32678853e-03
5.36443104e-03
1.79897231e-01
1.89085535e-01
2.00997464e-01
1.81090075e-01
1.42156213e-01
1.23837311e-01
7.34241979e+00
1.37604317e+01
2.02671867e+01
1.87946675e+00
1.74777549e+00
1.64763052e+00
5.94449924e-03
-5.66346008e-02
1.77738313e-01
1.86662630e-01
1.86214962e-01
1.57278207e-01
1.33912148e-01
1.18037443e-01
7.35259128e+00
1.37738973e+01
2.04456233e+01
1.73131192e+00
1.65312059e+00
1.89740298e+00
3.66761468e-03
-1.72578954e-02
1.83264109e-01
1.95985682e-01
2.06411402e-01
1.98336395e-01
1.52188741e-01
1.22867915e-01
7.36083644e+00
1.37010426e+01
2.03167004e+01
1.94955984e+00
1.77063011e+00
1.65463189e+00
7.48957330e-03
-8.31844236e-02
1.88819488e-01
1.86469527e-01
2.04616473e-01
1.84530064e-01
1.41604428e-01
1.34193425e-01
7.39542614e+00
1.36548829e+01
2.03698746e+01
1.73595402e+00
1.86609613e+00
1.83167291e+00
5.15759493e-03
-4.80337229e-02
1.89278755e-01
1.99752809e-01
1.95929375e-01
1.53226797e-01
1.35176016e-01
1.16206977e-01
7.38194320e+00
1.37200791e+01
2.04014223e+01
1.54948251e+00
1.52429361e+00
1.79555431e+00
3.41047818e-03
1.31614860e-03
1.95240404e-01
1.94637519e-01
1.98724079e-01
1.67532303e-01
1.34850453e-01
1.18713724e-01
7.40117956e+00
1.36623016e+01
2.03209511e+01
1.53057830e+00
1.67159910e+00
1.79835815e+00
4.11908467e-03
-1.40067765e-02
1.92087442e-01
2.00201174e-01
1.92993331e-01
2.15821287e-01
1.61524408e-01
1.20105189e-01
7.31942476e+00
1.37228879e+01
2.02881530e+01
2.08147500e+00
1.79759101e+00
1.93678402e+00
7.27570732e-03
-9.14071854e-02
1.98651194e-01
2.01426729e-01
2.01477509e-01
1.44474658e-01
1.23628195e-01
1.10750053e-01
7.55490562e+00
1.37848966e+01
2.04031901e+01
1.22173186e+00
1.25552510e+00
1.67981999e+00
2.93020343e-03
2.53527457e-02
1.88797334e-01
1.96141446e-01
2.07268798e-01
5.23634853e-01
3.06043414e-01
2.36697206e-01
6.94646204e+00
1.36906700e+01
2.05573469e+01
3.55597052e+00
3.24001615e+00
3.02466563e+00
2.09207288e-02
-5.48690428e-01
