3.93152544e-02
6.56799614e-02
5.70499841e-02
5.38890414e-02
6.27391350e-02
3.99222100e-02
6.49286977e-02
5.12075927e-02
6.76743983e-02
5.39606620e-02
5.99093225e-02
6.17255015e-02
4.78752717e-02
4.97289096e-02
8.21601084e-02
5.48502248e-02
5.84537249e-02
6.38541491e-02
7.01312444e-02
6.22465256e-02
4.27277638e-02
3.67289098e-02
4.92238905e-02
7.07096866e-02
5.75106559e-02
6.28855477e-02
8.96616390e-02
7.33289343e-02
7.60515397e-02
1.07284420e-01
1.17882032e-01
7.74724185e-02
1.28176235e-01
1.18510272e-01
8.42869353e-02
1.10742408e-01
8.72353475e-02
1.08999145e-01
1.06412686e-01
9.15205086e-02
1.09081596e-01
1.11852124e-01
2.71849878e-01
2.01515681e-01
1.50179282e-01
1.59504247e-01
1.74929201e-01
1.38411733e-01
1.32354014e-01
1.50664568e-01
1.14736940e-01
1.19579288e-01
1.22678988e-01
9.43523291e-02
7.29222575e-02
9.15180053e-02
8.41477402e-02
7.04707415e-02
6.51886503e-02
8.50460462e-02
7.61819221e-02
9.48968008e-02
8.31274254e-02
7.23063409e-02
8.07694287e-02
8.79133745e-02
7.52208383e-02
7.21089002e-02
8.60028298e-02
6.52081501e-02
6.80496402e-02
6.84556274e-02
6.23873377e-02
8.21446235e-02
6.93057193e-02
7.65614468e-02
9.60456776e-02
8.96550457e-02
9.36331534e-02
8.31691732e-02
5.70709397e-02
8.91836192e-02
7.59278857e-02
8.35012773e-02
8.50059022e-02
6.47652482e-02
8.28904348e-02
6.19496703e-02
8.00310540e-02
7.36235014e-02
6.91678544e-02
1.24308420e-01
7.70172942e-02
1.10452772e-01
9.28724867e-02
8.43571965e-02
1.07704664e-01
7.90545363e-02
8.98773408e-02
9.21675040e-02
7.60974527e-02
8.60242818e-02
7.75517293e-02
9.11792366e-02
8.81776525e-02
8.84121316e-02
8.04177388e-02
9.86850668e-02
8.49006895e-02
8.67527081e-02
1.02261414e-01
9.25960550e-02
8.34671816e-02
9.74465371e-02
7.69083451e-02
7.47180222e-02
8.96715668e-02
6.05186614e-02
6.69888534e-02
6.70733264e-02
7.80305567e-02
7.22598499e-02
7.66924623e-02
8.28167613e-02
5.86054740e-02
8.24679780e-02
7.76839434e-02
7.68224306e-02
6.07642183e-02
7.24797280e-02
6.56107866e-02
6.51903914e-02
6.44446644e-02
8.91473895e-02
7.43446882e-02
6.24937538e-02
6.15228207e-02
5.54102630e-02
5.14146964e-02
5.53048691e-02
6.66737317e-02
4.71594376e-02
6.55426352e-02
4.52334670e-02
