2.29244126e-01
2.71940940e-01
2.38832958e-01
2.40191267e-01
2.74635400e-01
2.35190954e-01
2.36057293e-01
2.31732152e-01
2.30181391e-01
2.46733466e-01
2.19961788e-01
2.28081729e-01
2.29846944e-01
2.12492865e-01
2.25546305e-01
3.10086521e-01
1.88661458e-01
2.35775508e-01
2.71458654e-01
2.14456404e-01
2.30756101e-01
2.07077278e-01
2.34898330e-01
2.10675972e-01
2.31593569e-01
2.12073702e-01
2.01065290e-01
2.07094170e-01
2.30870400e-01
2.65206791e-01
2.70132967e-01
2.59047342e-01
2.54823856e-01
2.50089395e-01
1.88004640e-01
2.29293233e-01
2.15482259e-01
2.18053736e-01
2.29564483e-01
1.91615924e-01
2.34055097e-01
2.20857151e-01
2.21496378e-01
1.84168529e-01
2.28989787e-01
2.23934244e-01
1.91927527e-01
1.68760005e-01
1.72347451e-01
2.00130547e-01
2.19157691e-01
2.60259875e-01
1.89877517e-01
2.24497408e-01
2.94013294e-01
2.72268136e-01
2.94737995e-01
2.76617134e-01
4.07425248e-01
3.69520347e-01
4.73588821e-01
4.43025355e-01
4.45040027e-01
3.30703790e-01
3.30225441e-01
3.32372579e-01
3.45969433e-01
3.66778477e-01
3.81190251e-01
3.00869437e-01
3.05803285e-01
3.37506848e-01
4.25135297e-01
3.32181402e-01
3.79084749e-01
4.30965159e-01
3.20436814e-01
3.81821062e-01
4.20265488e-01
3.93707184e-01
3.52103999e-01
3.34961613e-01
3.43319447e-01
3.12434438e-01
2.78840983e-01
2.31432493e-01
3.00889438e-01
2.57736925e-01
2.93851062e-01
3.38875635e-01
2.60799600e-01
3.27746180e-01
3.02171139e-01
3.06768717e-01
2.85748095e-01
2.77853740e-01
2.41042122e-01
2.44661431e-01
2.30903689e-01
1.95718842e-01
2.10724081e-01
1.98051963e-01
2.30952653e-01
2.22205923e-01
1.88401121e-01
2.27628452e-01
2.68849768e-01
2.47533620e-01
2.56354547e-01
2.63103832e-01
2.15756533e-01
2.54648652e-01
2.38645733e-01
2.49586307e-01
2.57792153e-01
2.38017275e-01
2.56662210e-01
2.31426816e-01
2.30272440e-01
2.05123628e-01
2.33018987e-01
2.63561518e-01
2.65173528e-01
2.50702580e-01
2.26619749e-01
2.21521477e-01
2.51530943e-01
3.04375345e-01
2.40153290e-01
2.66850875e-01
2.80992274e-01
2.56003062e-01
3.02970464e-01
2.80316631e-01
2.83080651e-01
2.76068461e-01
3.00606879e-01
2.86486136e-01
2.76801647e-01
2.92568535e-01
2.87230905e-01
2.62728648e-01
2.76770741e-01
2.64147039e-01
