2.96059702e-01
2.46423873e-01
1.98483111e-01
2.06105006e-01
1.36447163e-01
7.66860338e-02
7.68770205e+00
1.44348176e+01
2.06824917e+01
1.28869265e+00
1.35090221e+00
1.33647043e+00
2.29341354e-03
6.62619294e-02
3.01428673e-01
2.43848106e-01
1.44840962e-01
1.55095894e-01
1.63301445e-01
5.61826517e-01
7.86206491e+00
1.44199219e+01
2.31332946e+01
8.67271577e-01
1.60573895e+00
7.69377529e+00
-2.92188610e-02
2.53080666e-01
2.97581358e-01
2.65730635e-01
1.94935514e-01
2.25244483e-01
1.60048721e-01
6.64268478e-02
7.81068688e+00
1.43998386e+01
2.04995244e+01
1.36272037e+00
1.29013398e+00
-1.33057131e+00
4.20699072e-03
3.28457589e-02
2.74127599e-01
2.43254385e-01
1.82207391e-01
2.36930723e-01
1.57568837e-01
6.77381404e-02
7.64229407e+00
1.43909720e+01
2.03206481e+01
1.75401715e+00
1.55593431e+00
1.54777988e+00
5.64900608e-03
-1.49220656e-02
3.06771830e-01
2.61387633e-01
2.04968929e-01
2.52179690e-01
1.67531078e-01
8.87368302e-02
7.69228234e+00
1.42669305e+01
2.04110535e+01
1.53564244e+00
1.55685550e+00
1.73170442e+00
4.59314816e-03
8.75015766e-03
3.01526851e-01
2.66534749e-01
2.02330201e-01
2.16074678e-01
1.51804628e-01
6.83364516e-02
7.73296510e+00
1.43851644e+01
2.06231459e+01
1.23323383e+00
1.13052282e+00
1.32725438e+00
3.62543574e-03
5.24385457e-02
2.85224663e-01
2.54751991e-01
1.95959111e-01
2.26653710e-01
1.52587723e-01
6.96516167e-02
7.70984800e+00
1.44442765e+01
2.04982043e+01
1.58951270e+00
1.23666652e+00
1.44839649e+00
5.00735384e-03
1.41052700e-02
2.77402487e-01
2.40336747e-01
1.99586913e-01
2.19612471e-01
1.40636309e-01
7.10290697e-02
7.71080832e+00
1.43579228e+01
2.07143991e+01
1.49890370e+00
1.23365019e+00
-9.89154978e-01
5.21968544e-03
1.24505632e-02
2.83378278e-01
2.41247801e-01
1.92886705e-01
2.03249742e-01
1.34600754e-01
6.84467101e-02
7.73866101e+00
1.43971505e+01
2.07779640e+01
1.28088617e+00
1.18936970e+00
1.17479944e+00
3.26415972e-03
5.01552944e-02
2.87262303e-01
2.31159340e-01
1.95400445e-01
2.36081789e-01
1.37431576e-01
7.08128327e-02
7.76459203e+00
1.43036202e+01
2.08548380e+01
1.49501845e+00
1.43794843e+00
-1.19797815e+00
5.42220759e-03
2.15188455e-03
2.88146612e-01
2.48945840e-01
1.92987407e-01
2.40930713e-01
1.53311769e-01
6.62881629e-02
7.81000252e+00
1.42587446e+01
2.06455537e+01
1.56505062e+00
1.31473288e+00
1.50301920e+00
5.97840546e-03
-6.49017644e-03
3.11057346e-01
2.46704766e-01
1.47435214e-01
1.57536660e-01
1.58597395e-01
7.06717615e-01
8.05214228e+00
1.42560747e+01
2.35365229e+01
8.10586960e-01
1.35214019e+00
8.45841736e+00
-3.53208774e-02
2.68321009e-01
2.84944263e-01
2.46988553e-01
1.96966078e-01
1.93630396e-01
1.31210887e-01
6.76677659e-02
7.86848968e+00
1.42517446e+01
2.04969890e+01
1.32979530e+00
1.16149650e+00
-1.33316542e+00
2.88436084e-03
6.36673980e-02
2.90700755e-01
2.47258354e-01
1.97076732e-01
2.20106621e-01
1.38491272e-01
6.32692619e-02
7.79439743e+00
1.42386706e+01
2.05915821e+01
1.43210666e+00
1.19484468e+00
1.23705767e+00
4.76260276e-03
2.82840158e-02
2.75141432e-01
2.28290697e-01
1.98030366e-01
2.31592694e-01
1.33187854e-01
7.62912788e-02
7.75627985e+00
1.42632909e+01
2.06360446e+01
1.82559352e+00
1.46663958e+00
1.61665098e+00
5.78831213e-03
-8.96948330e-03
2.94917455e-01
2.37036538e-01
1.83303338e-01
2.26445297e-01
1.34744519e-01
6.57719506e-02
7.82420607e+00
1.42976043e+01
2.04614630e+01
1.45071087e+00
1.28504479e+00
1.84442864e+00
3.71771215e-03
3.29036215e-02
2.87985326e-01
2.47096737e-01
1.94041089e-01
2.00685079e-01
1.32815030e-01
6.70001999e-02
7.84268550e+00
1.42367238e+01
2.05109419e+01
1.40262462e+00
1.06224110e+00
-1.34416713e+00
2.99350332e-03
5.95100991e-02
2.98781049e-01
2.57815435e-01
1.94742608e-01
2.23521984e-01
1.45224257e-01
5.96469097e-02
7.85520328e+00
1.43023059e+01
2.03252023e+01
1.39622387e+00
1.23502816e+00
1.56495909e+00
4.59299285e-03
3.31147367e-02
2.84445139e-01
2.46555865e-01
2.01508707e-01
2.22373263e-01
1.39913016e-01
7.07863148e-02
7.76483410e+00
1.43031747e+01
2.05258445e+01
1.63532484e+00
1.22970131e+00
-1.44162406e+00
5.13055372e-03
1.65619792e-02
2.97095023e-01
2.61152212e-01
2.16342940e-01
2.23809647e-01
1.51284987e-01
8.35252484e-02
7.84570128e+00
1.43150608e+01
2.03509385e+01
1.47766600e+00
1.38204815e+00
-1.31971211e+00
4.51305517e-03
3.03543495e-02
2.76670334e-01
2.46749558e-01
1.96177392e-01
1.95385514e-01
1.37471526e-01
8.43084313e-02
7.90025018e+00
1.43327146e+01
2.01788775e+01
1.61261311e+00
1.29794405e+00
2.04335507e+00
2.31812705e-03
5.53208921e-02
2.90611219e-01
2.53845375e-01
1.99832507e-01
2.10702320e-01
1.44815594e-01
7.58109180e-02
7.88156922e+00
1.42282191e+01
2.02992321e+01
1.38263022e+00
1.29655314e+00
1.61859852e+00
3.40513027e-03
4.60029755e-02
2.73943087e-01
2.62001832e-01
2.15850060e-01
1.79266232e-01
1.46890087e-01
9.60694034e-02
7.88803395e+00
1.43364932e+01
2.03998947e+01
1.35119083e+00
1.10021262e+00
1.59118058e+00
1.92130555e-03
7.38375038e-02
2.81564187e-01
2.75639617e-01
2.33993684e-01
2.08678749e-01
1.63066690e-01
1.06192107e-01
7.75572882e+00
1.44189156e+01
2.02512067e+01
1.73138927e+00
1.41335853e+00
1.69830491e+00
4.07244151e-03
3.23537315e-02
2.89612248e-01
2.93663942e-01
2.43004863e-01
1.84341554e-01
1.62510419e-01
1.01934614e-01
7.94476974e+00
1.44666511e+01
2.02518966e+01
1.34160916e+00
1.07036515e+00
1.45864740e+00
2.75696989e-03
7.76927299e-02
2.93006029e-01
2.92532518e-01
2.65395172e-01
2.16551119e-01
1.68515191e-01
1.13097128e-01
7.90879326e+00
1.43064386e+01
2.01572297e+01
1.50571802e+00
1.31955718e+00
1.45179202e+00
5.95225543e-03
2.09364478e-02
2.81623419e-01
2.75688740e-01
2.72993852e-01
1.90820230e-01
1.48348811e-01
1.30244973e-01
7.97226623e+00
1.44098651e+01
2.03744214e+01
1.44609674e+00
1.33599195e+00
1.67083198e+00
4.09171440e-03
4.97358230e-02
2.88898485e-01
3.07160946e-01
2.82744395e-01
2.07860065e-01
1.76616837e-01
1.28017801e-01
7.93844518e+00
1.44438861e+01
2.02176454e+01
1.62739157e+00
1.17482230e+00
1.41545237e+00
5.72800700e-03
2.83101042e-02
2.89094871e-01
3.01309795e-01
2.88822485e-01
2.09423299e-01
1.71370488e-01
1.32325806e-01
7.94442333e+00
1.44420935e+01
2.03825704e+01
1.50589644e+00
1.38074800e+00
1.73191649e+00
6.02476729e-03
2.18874421e-02
3.00102199e-01
3.20606353e-01
3.15390767e-01
2.34737147e-01
1.92663684e-01
1.53127232e-01
7.90672172e+00
1.44166643e+01
2.02900543e+01
1.60327171e+00
1.34516409e+00
1.56772743e+00
7.56914272e-03
-4.78687833e-03
3.04399045e-01
3.26681421e-01
3.26730850e-01
2.12939181e-01
1.86190194e-01
1.54881753e-01
8.00786292e+00
1.44475820e+01
2.04377632e+01
1.35905813e+00
1.36324213e+00
1.51364920e+00
6.35198145e-03
3.03448557e-02
3.04704714e-01
3.41065686e-01
3.25769524e-01
1.80402505e-01
1.78300935e-01
1.39799392e-01
8.06956035e+00
1.44358747e+01
2.05166363e+01
1.14119803e+00
1.02923252e+00
1.47612401e+00
4.95526771e-03
7.78349981e-02
3.12661808e-01
3.51796334e-01
3.62317870e-01
2.20178071e-01
1.98357371e-01
1.69338981e-01
8.03545544e+00
1.44399211e+01
2.03904639e+01
1.33708146e+00
1.11962079e+00
1.35084681e+00
8.01674052e-03
2.01828061e-02
3.11237655e-01
3.47542928e-01
3.40374693e-01
2.30794088e-01
1.95539017e-01
1.42269479e-01
8.00731687e+00
1.44598407e+01
2.05214458e+01
1.50732332e+00
1.25079434e+00
1.60425789e+00
9.25011083e-03
-3.00678811e-03
3.22519817e-01
3.66765226e-01
3.43160544e-01
2.41329077e-01
2.20481297e-01
1.63191302e-01
8.11403317e+00
1.45061598e+01
2.05114510e+01
1.48418998e+00
1.28056921e+00
1.86793192e+00
7.89752704e-03
4.98003380e-03
3.43355306e-01
3.88966161e-01
3.88466582e-01
2.76757261e-01
2.35075929e-01
1.78929144e-01
7.93594399e+00
1.45308393e+01
2.03817916e+01
1.62191128e+00
1.32969875e+00
1.40093702e+00
1.11036864e-02
-3.29420943e-02
3.40284902e-01
4.10601496e-01
3.79211689e-01
2.13465936e-01
2.36586828e-01
1.92174158e-01
8.08369626e+00
1.44525368e+01
2.05266032e+01
1.22828790e+00
1.14297107e+00
2.07314173e+00
5.03422165e-03
7.35512543e-02
3.38004919e-01
3.82455216e-01
3.67637171e-01
2.34031452e-01
2.16489861e-01
1.57765642e-01
8.02353335e+00
1.44597483e+01
2.04232148e+01
1.29984781e+00
1.29073455e+00
1.49360052e+00
8.41091258e-03
2.58618754e-02
3.51734912e-01
3.79964297e-01
3.83888766e-01
2.28940907e-01
2.06676441e-01
1.79266146e-01
8.09145017e+00
1.45146246e+01
2.03131660e+01
1.13603005e+00
1.22767686e+00
1.47640682e+00
6.61634014e-03
5.93956748e-02
3.63439627e-01
3.88191975e-01
3.82863936e-01
2.52665906e-01
2.17089667e-01
1.68927681e-01
8.04904236e+00
1.44227595e+01
2.04136617e+01
1.19585115e+00
1.31706062e+00
1.54105344e+00
8.27252030e-03
3.27138435e-02
3.64446312e-01
4.07076314e-01
4.01772867e-01
2.33582110e-01
2.26672671e-01
1.89882959e-01
8.13196742e+00
1.43079422e+01
2.03900200e+01
1.09638335e+00
1.22161330e+00
1.63712282e+00
6.70940392e-03
6.44412862e-02
3.72911330e-01
4.09344633e-01
4.20247832e-01
2.28132348e-01
2.15553440e-01
1.85574008e-01
8.09399343e+00
1.41771441e+01
2.03478787e+01
9.60589716e-01
1.21485168e+00
1.38139386e+00
7.43066917e-03
7.40392326e-02
3.99545370e-01
4.71324526e-01
3.97800327e-01
2.42944549e-01
2.74092587e-01
1.92460535e-01
8.16590703e+00
1.44512439e+01
2.03971335e+01
8.61631223e-01
9.64168508e-01
2.08243123e+00
4.27102718e-03
1.10000825e-01
4.24500031e-01
4.58428841e-01
4.25732409e-01
2.96643464e-01
2.66562552e-01
1.78545541e-01
8.08481263e+00
1.43341618e+01
2.01066049e+01
9.42506243e-01
1.39646427e+00
1.50737886e+00
9.83389750e-03
3.29103922e-02
4.30454939e-01
4.74674110e-01
4.21591297e-01
2.63455552e-01
2.60527687e-01
1.85913948e-01
8.09810321e+00
1.44106660e+01
2.01199117e+01
8.18202401e-01
1.13705715e+00
1.90595226e+00
5.84515800e-03
1.06918980e-01
4.34714720e-01
5.11165066e-01
4.52458511e-01
2.78678107e-01
3.05815189e-01
2.24281186e-01
8.10630498e+00
1.43755640e+01
2.01407846e+01
8.78983885e-01
1.16181061e+00
1.83621457e+00
6.14765094e-03
9.09453965e-02
4.25053174e-01
4.80258364e-01
4.49589109e-01
2.83453500e-01
2.88131503e-01
2.34102839e-01
8.09756367e+00
1.43295278e+01
2.00983537e+01
9.94984020e-01
1.32652088e+00
1.87227572e+00
6.29400610e-03
7.25819863e-02
4.35811795e-01
4.83066443e-01
4.42071704e-01
2.88765137e-01
2.84929160e-01
2.15851855e-01
8.10727803e+00
1.42102043e+01
2.00148665e+01
9.29541074e-01
1.21420282e+00
1.78116238e+00
6.80679414e-03
7.62892792e-02
4.29125275e-01
4.79505062e-01
4.38027034e-01
2.82511576e-01
2.78512623e-01
2.01033877e-01
8.13492503e+00
1.42531863e+01
2.00793717e+01
9.83632552e-01
1.23027446e+00
1.66501978e+00
7.63898653e-03
6.98154201e-02
4.62287499e-01
4.89290896e-01
4.44962654e-01
3.14391283e-01
2.96585514e-01
2.21931467e-01
8.14434283e+00
1.42976031e+01
1.99965122e+01
9.40303894e-01
1.28598310e+00
1.52405632e+00
6.31278244e-03
8.04607387e-02
4.23176471e-01
4.65284799e-01
4.04841187e-01
2.66956617e-01
2.70364523e-01
1.88686416e-01
8.08569528e+00
1.41335045e+01
2.00298103e+01
9.21819041e-01
1.25817925e+00
1.84041834e+00
5.20522860e-03
9.85399936e-02
4.43289822e-01
4.60141713e-01
4.13844968e-01
3.04550847e-01
2.73455781e-01
1.98515593e-01
8.06926450e+00
1.41618175e+01
1.99759066e+01
1.06323462e+00
1.34943302e+00
1.74623081e+00
6.48133757e-03
6.94716561e-02
4.52055454e-01
4.45117250e-01
3.83742334e-01
3.00554715e-01
2.60879784e-01
1.90834800e-01
8.06695780e+00
1.41043600e+01
2.00364569e+01
8.62698186e-01
1.25140798e+00
2.04270992e+00
3.75000980e-03
1.05102307e-01
4.17308824e-01
4.29527012e-01
3.71483686e-01
2.90619123e-01
2.61999996e-01
1.78889783e-01
8.10061090e+00
1.41576477e+01
2.00526990e+01
1.08221959e+00
1.38376438e+00
1.77675384e+00
5.58249167e-03
6.46043338e-02
4.18110480e-01
4.08468534e-01
3.66158776e-01
2.78744846e-01
2.35941030e-01
1.74387550e-01
8.04932650e+00
1.41361479e+01
2.00556547e+01
9.84007741e-01
1.32629772e+00
1.68642088e+00
4.44231836e-03
8.95395206e-02
4.25246303e-01
4.11362366e-01
3.57476990e-01
2.84280293e-01
2.36953150e-01
1.69992265e-01
8.06938741e+00
1.40705026e+01
1.99303596e+01
9.78224157e-01
1.27054212e+00
1.88906857e+00
4.07468648e-03
9.37147986e-02
4.31333932e-01
3.94763755e-01
3.35361507e-01
2.90280490e-01
2.29293955e-01
1.69797180e-01
8.01694444e+00
1.42023431e+01
2.03913053e+01
9.34865669e-01
1.25809689e+00
2.13550352e+00
2.24530539e-03
1.09033095e-01
3.86303919e-01
3.78345240e-01
3.15366067e-01
2.82942608e-01
2.27002299e-01
1.24321632e-01
8.00004393e+00
1.42872358e+01
2.01557681e+01
1.20820181e+00
1.42092162e+00
1.38788387e+00
6.99055490e-03
3.48055695e-02
3.91973063e-01
3.53488081e-01
2.98790551e-01
2.75424186e-01
2.06214093e-01
1.46073124e-01
8.09304089e+00
1.41919940e+01
2.03289274e+01
1.12037629e+00
1.39452140e+00
2.26048160e+00
3.17260685e-03
7.58066142e-02
4.10469153e-01
3.80359910e-01
3.01027306e-01
2.69649868e-01
2.13804767e-01
1.26374433e-01
8.03228953e+00
1.41256178e+01
2.03117410e+01
9.77886691e-01
1.11579166e+00
1.95008776e+00
2.88637554e-03
1.07589621e-01
4.07697340e-01
3.52064995e-01
2.86438883e-01
2.78779615e-01
2.03709714e-01
1.39767815e-01
8.03010216e+00
1.41851839e+01
2.03119924e+01
9.60618925e-01
1.16510574e+00
2.01734518e+00
1.60131256e-03
1.05340553e-01
3.91840856e-01
3.77716943e-01
2.95795558e-01
2.34545962e-01
2.03713503e-01
1.18272730e-01
7.98208270e+00
1.42583037e+01
2.02714782e+01
8.67146916e-01
1.00599881e+00
1.72888088e+00
1.70207706e-03
1.36310743e-01
4.05242804e-01
3.47896419e-01
3.03862370e-01
2.86346340e-01
1.97984404e-01
1.40543062e-01
7.96741937e+00
1.42536428e+01
2.01846740e+01
1.04095013e+00
1.40095275e+00
1.90366534e+00
3.65023754e-03
7.71141054e-02
4.14447786e-01
3.46958380e-01
3.00018868e-01
3.06393137e-01
2.02868751e-01
1.48343812e-01
8.00645199e+00
1.42081453e+01
2.02380104e+01
1.18672638e+00
1.30444712e+00
2.05073043e+00
3.62540947e-03
6.63771051e-02
3.94049615e-01
3.20767065e-01
2.85114720e-01
2.75744903e-01
1.77921878e-01
1.43917061e-01
7.94369504e+00
1.42707080e+01
2.04122778e+01
1.09948974e+00
1.36305833e+00
2.18396895e+00
1.97201789e-03
9.04641549e-02
4.13229569e-01
3.59363038e-01
2.99824322e-01
2.91125668e-01
2.06507114e-01
1.31240512e-01
7.94375626e+00
1.42539245e+01
2.03322063e+01
1.11735416e+00
1.36709042e+00
1.77641203e+00
3.72037483e-03
8.06478107e-02
3.99821049e-01
3.18129801e-01
2.91708744e-01
2.71435280e-01
1.70371479e-01
1.42659749e-01
7.98231314e+00
1.43031728e+01
2.03198054e+01
1.03428165e+00
1.31534546e+00
1.78444682e+00
1.70151174e-03
1.04809007e-01
4.01919633e-01
3.06650800e-01
2.64864892e-01
2.84566556e-01
1.64978536e-01
1.17754826e-01
7.93839949e+00
1.42653360e+01
2.03091696e+01
1.07244790e+00
1.29322346e+00
1.88853351e+00
2.40159013e-03
8.89902254e-02
3.98860974e-01
3.10250296e-01
2.80151047e-01
2.81075142e-01
1.65095916e-01
1.19144647e-01
7.93225765e+00
1.43532696e+01
2.00567600e+01
1.12613477e+00
1.56126172e+00
1.60696808e+00
3.34698388e-03
7.99640202e-02
3.80695513e-01
3.03874493e-01
2.85372138e-01
2.65096257e-01
1.63197856e-01
1.36135495e-01
7.91179029e+00
1.44681568e+01
2.02403882e+01
1.14758278e+00
1.33220935e+00
1.52675034e+00
2.56589463e-03
8.67713477e-02
3.83576890e-01
3.09236787e-01
2.69383203e-01
2.57934825e-01
1.68736817e-01
1.36412253e-01
7.94530315e+00
1.43868782e+01
2.03734257e+01
1.09570730e+00
1.29326222e+00
1.98579754e+00
6.23569544e-04
1.10753766e-01
4.03552821e-01
3.08640269e-01
2.81534084e-01
2.76563021e-01
1.61180446e-01
1.26450865e-01
7.95504365e+00
1.44394515e+01
2.03118995e+01
9.94195006e-01
1.17521828e+00
1.39549357e+00
2.17096948e-03
1.03001292e-01
3.75323527e-01
3.01919765e-01
2.61863621e-01
2.57369229e-01
1.63290439e-01
1.18964037e-01
7.91145198e+00
1.44473853e+01
2.01980983e+01
1.10941624e+00
1.31857749e+00
1.71285109e+00
1.90140407e-03
9.42574710e-02
4.06932953e-01
3.15073078e-01
2.69281772e-01
2.90210794e-01
1.80759777e-01
1.34078439e-01
7.97583254e+00
1.44167198e+01
2.04955564e+01
1.06463120e+00
1.32124905e+00
1.76713529e+00
1.45064980e-03
9.52337249e-02
3.93719086e-01
2.93514305e-01
2.61016062e-01
2.71490637e-01
1.55438325e-01
1.17636734e-01
7.94882940e+00
1.44018325e+01
2.03701772e+01
9.74234576e-01
1.33081214e+00
1.54709590e+00
1.63163164e-03
1.01120555e-01
4.10251819e-01
3.20987813e-01
2.58919573e-01
2.91242874e-01
1.85813628e-01
1.23851993e-01
7.94747291e+00
1.44154661e+01
2.04761757e+01
9.79796705e-01
1.33714172e+00
1.97029007e+00
1.29849775e-03
9.80842198e-02
4.01307565e-01
2.86061407e-01
2.62115840e-01
3.16361761e-01
1.68125385e-01
1.26658091e-01
7.86365985e+00
1.43798892e+01
2.03470768e+01
1.23569537e+00
1.81561590e+00
1.91861858e+00
3.86361856e-03
3.95287585e-02
3.85476040e-01
3.08368071e-01
2.58238329e-01
3.16021185e-01
1.90474809e-01
1.12657333e-01
7.81754570e+00
1.43924243e+01
2.05176653e+01
1.40205249e+00
1.44287708e+00
1.64168785e+00
5.74093248e-03
1.39716164e-02
3.90344735e-01
3.03296086e-01
2.61438182e-01
2.99084823e-01
1.80177408e-01
1.23521053e-01
7.85915892e+00
1.43601429e+01
2.05333933e+01
1.25547273e+00
1.39453742e+00
1.62258893e+00
3.54426736e-03
5.34869227e-02
3.98303715e-01
3.05518413e-01
2.55424343e-01
3.03553497e-01
1.81844298e-01
1.28408614e-01
7.90976338e+00
1.43192476e+01
2.04333134e+01
1.25994027e+00
1.35181876e+00
1.99373254e+00
2.52860473e-03
6.38311530e-02
3.86975749e-01
3.04791759e-01
2.46148475e-01
2.61013149e-01
1.66074928e-01
1.21847486e-01
7.85506353e+00
1.42584401e+01
2.05857668e+01
1.05410320e+00
1.08612297e+00
2.29890020e+00
2.35524066e-05
1.17285403e-01
3.74856440e-01
3.19488105e-01
2.47444591e-01
2.92876641e-01
1.97381477e-01
1.13975233e-01
7.85649520e+00
1.43507721e+01
2.03077209e+01
1.39250848e+00
1.36663368e+00
2.13713857e+00
3.98628525e-03
3.90297856e-02
4.13532435e-01
3.31037415e-01
2.49508343e-01
2.96756831e-01
1.93261830e-01
1.12361125e-01
7.90915815e+00
1.42832802e+01
2.04145244e+01
1.02657433e+00
1.19078603e+00
2.17051976e+00
1.69236965e-03
9.35870373e-02
4.03780302e-01
3.30848842e-01
2.43652239e-01
2.71765862e-01
1.82224515e-01
8.87528835e-02
7.95289211e+00
1.43499722e+01
2.02690425e+01
1.05612784e+00
1.22659780e+00
1.63380496e+00
1.73713346e-03
1.10202385e-01
4.03484574e-01
3.14142709e-01
2.69351221e-01
3.00711050e-01
1.74351775e-01
1.01625261e-01
8.00710674e+00
1.43357487e+01
2.02036161e+01
1.10318550e+00
1.14764386e+00
8.17496833e-01
5.09113442e-03
5.60027884e-02
3.59970277e-01
3.19177893e-01
2.59966014e-01
2.93991600e-01
2.01589875e-01
1.12156460e-01
7.78606606e+00
1.43457636e+01
2.00389883e+01
1.47764694e+00
1.29736723e+00
1.26298971e+00
6.23791851e-03
8.64210143e-03
3.76413983e-01
3.13516182e-01
2.37114271e-01
2.90178997e-01
1.91859315e-01
9.82803002e-02
7.83430109e+00
1.43945204e+01
2.04484239e+01
1.18486829e+00
1.26162091e+00
1.88511028e+00
4.04826102e-03
4.55299191e-02
3.64223381e-01
3.13340245e-01
2.36321130e-01
2.70866106e-01
1.78571793e-01
7.34362566e-02
7.81836081e+00
1.42257794e+01
2.02211981e+01
1.18422996e+00
1.05492170e+00
1.28735913e+00
5.41919842e-03
4.54925724e-02
3.63047943e-01
3.23515257e-01
2.25737100e-01
2.91473791e-01
1.99988796e-01
6.58211468e-02
7.88109452e+00
1.42248807e+01
2.04946129e+01
1.29281420e+00
1.21376922e+00
1.84660182e+00
6.86018174e-03
9.06466862e-03
3.70293666e-01
3.46702836e-01
2.56462919e-01
2.82595852e-01
2.09222628e-01
8.32565190e-02
7.81374953e+00
1.42076989e+01
2.05585638e+01
1.29936942e+00
1.06067252e+00
1.26558816e+00
6.53914234e-03
3.01863315e-02
3.81187340e-01
3.55722809e-01
2.70074154e-01
3.10142881e-01
2.27708066e-01
1.00788794e-01
7.88404305e+00
1.43007935e+01
2.06089340e+01
1.34390063e+00
1.12380459e+00
1.18686685e+00
7.50190296e-03
4.25332443e-03
3.96486255e-01
3.70833084e-01
2.67580268e-01
2.98114281e-01
2.24815759e-01
8.25856591e-02
7.91887788e+00
1.45360199e+01
2.07292819e+01
1.13728370e+00
1.10645061e+00
1.06548000e+00
6.55872474e-03
3.97521669e-02
3.97932379e-01
3.59376614e-01
2.82240219e-01
3.24175984e-01
2.31234739e-01
1.18393797e-01
7.92960006e+00
1.43944588e+01
2.06355908e+01
1.27333889e+00
1.27915893e+00
1.69334153e+00
6.95125764e-03
7.85782601e-03
4.02152185e-01
3.83911787e-01
3.01298899e-01
3.15100950e-01
2.41554916e-01
1.19389610e-01
8.00875774e+00
1.45089940e+01
2.06230711e+01
1.24986563e+00
1.15206265e+00
1.30696749e+00
7.30415681e-03
1.99293680e-02
4.02676420e-01
3.49207273e-01
2.84875027e-01
3.66132953e-01
2.32374455e-01
1.05212250e-01
7.91349339e+00
1.43852362e+01
2.06394702e+01
1.41364479e+00
1.40544535e+00
1.31823430e+00
1.09279181e-02
-6.15169983e-02
3.78716248e-01
3.37037449e-01
2.69825372e-01
2.99026176e-01
2.10345046e-01
1.08307204e-01
7.85987073e+00
1.44126983e+01
2.06357195e+01
1.30053319e+00
1.36899770e+00
1.39134545e+00
6.19275952e-03
2.09494544e-02
4.03557873e-01
3.38476853e-01
2.73865523e-01
3.01710631e-01
1.95632304e-01
1.02047578e-01
7.94775836e+00
1.43418353e+01
2.05775623e+01
1.08501224e+00
9.80758243e-01
1.13299452e+00
5.41174381e-03
5.35244745e-02
4.16344779e-01
3.45807557e-01
2.76773689e-01
3.38385354e-01
2.15710669e-01
1.07292837e-01
8.02306883e+00
1.43709704e+01
2.07258902e+01
1.25343720e+00
1.32405967e+00
1.39936841e+00
7.05071538e-03
1.11110414e-02
4.31757642e-01
3.49279466e-01
2.82266052e-01
3.13893524e-01
1.97387789e-01
1.04608162e-01
8.06907299e+00
1.43120337e+01
2.04975255e+01
1.07636375e+00
1.18192895e+00
1.13892214e+00
4.68321366e-03
7.23736714e-02
4.22175096e-01
3.43660126e-01
2.64744327e-01
3.44959683e-01
2.18559223e-01
1.14847845e-01
8.01011898e+00
1.44443565e+01
2.05382394e+01
1.30731905e+00
1.32948624e+00
1.81904357e+00
5.61581367e-03
2.09116054e-02
4.19544647e-01
3.20910960e-01
2.56857040e-01
3.37257724e-01
1.97650083e-01
1.11071755e-01
8.04380121e+00
1.44378244e+01
2.04620561e+01
1.22656821e+00
1.39927223e+00
1.74798165e+00
4.93735682e-03
3.13807854e-02
4.45008593e-01
3.25429715e-01
2.58619275e-01
3.52824772e-01
1.90449302e-01
8.68927966e-02
8.06158650e+00
1.45685006e+01
2.05904561e+01
1.09300957e+00
1.49515392e+00
1.31933416e+00
6.09179518e-03
3.25701626e-02
4.34191494e-01
3.16138003e-01
2.53565145e-01
3.25145841e-01
1.75755404e-01
9.26688770e-02
8.03127701e+00
1.45028525e+01
2.06347265e+01
1.10696865e+00
1.32317507e+00
1.42777124e+00
3.94879501e-03
6.91051999e-02
4.30965027e-01
3.15484430e-01
2.53094676e-01
3.29116971e-01
1.77453421e-01
8.83401361e-02
8.01728319e+00
1.44231640e+01
2.03534167e+01
1.12304416e+00
1.37309830e+00
1.29231497e+00
4.85775112e-03
5.41480554e-02
4.56470824e-01
3.06620243e-01
2.58297679e-01
3.51267808e-01
1.66864985e-01
9.44285966e-02
8.00052293e+00
1.45403077e+01
2.07179382e+01
1.13353755e+00
1.47513981e+00
1.40943167e+00
4.41290353e-03
6.06728298e-02
4.58775198e-01
3.18179348e-01
2.52263662e-01
3.77395382e-01
1.90659913e-01
1.02058562e-01
8.02428468e+00
1.43541118e+01
2.02000088e+01
1.29232480e+00
1.51959654e+00
1.91471413e+00
5.37184436e-03
2.54220806e-02
4.39682711e-01
3.12811813e-01
2.44489040e-01
3.16309067e-01
1.71542010e-01
1.06886158e-01
8.07463870e+00
1.44452257e+01
2.03953890e+01
1.08963496e+00
1.34848613e+00
2.13686755e+00
1.12590414e-03
1.03804643e-01
4.79816461e-01
3.23005831e-01
2.54287512e-01
3.45830463e-01
1.67096010e-01
8.81821081e-02
8.04017393e+00
1.44941193e+01
2.04109090e+01
9.32065641e-01
1.14282226e+00
1.49498687e+00
2.46606418e-03
1.07809092e-01
4.49787181e-01
2.97666712e-01
2.60332401e-01
3.42396917e-01
1.59398067e-01
1.03492420e-01
7.97261618e+00
1.45468969e+01
2.02999420e+01
1.15519521e+00
1.66747437e+00
1.63834676e+00
3.69478797e-03
6.65023649e-02
4.56435240e-01
2.99724453e-01
2.57330595e-01
3.50151716e-01
1.64173543e-01
1.00800625e-01
7.97893630e+00
1.44012953e+01
2.04789794e+01
1.11447039e+00
1.67926782e+00
1.59731868e+00
3.83727269e-03
6.35407410e-02
4.54270452e-01
3.08387707e-01
2.61302472e-01
3.33715172e-01
1.63518626e-01
1.07250320e-01
7.98549550e+00
1.43874912e+01
2.04263925e+01
1.10225542e+00
1.36237464e+00
1.61838048e+00
2.55989335e-03
9.12442885e-02
4.47887297e-01
3.09333332e-01
2.57735197e-01
3.07324274e-01
1.55516972e-01
1.11488454e-01
8.00977037e+00
1.42254323e+01
2.02720867e+01
1.00827543e+00
1.10376358e+00
1.86297207e+00
4.79056464e-04
1.29456469e-01
4.30639995e-01
2.96421382e-01
2.38615860e-01
3.15425874e-01
1.69458651e-01
1.28062559e-01
7.99649314e+00
1.43164231e+01
2.03935500e+01
1.07290851e+00
1.38097759e+00
2.35289753e+00
-2.54225406e-04
1.05071883e-01
4.77664438e-01
3.23304926e-01
2.71682550e-01
3.30092629e-01
1.70683328e-01
1.35907382e-01
8.01580814e+00
1.43463667e+01
2.02980360e+01
9.01492101e-01
1.06686325e+00
1.84907451e+00
-9.08087054e-04
1.47125095e-01
3.99321555e-01
2.93535577e-01
2.47757820e-01
3.08776945e-01
1.72661647e-01
1.10657641e-01
7.95643549e+00
1.42715731e+01
2.04118662e+01
1.25889236e+00
1.49135639e+00
1.56177013e+00
3.58466550e-03
5.11899736e-02
4.16629396e-01
2.82593563e-01
2.47620164e-01
2.99259227e-01
1.47525275e-01
1.09925121e-01
7.95023490e+00
1.42221188e+01
2.02956200e+01
1.00200391e+00
1.21852001e+00
1.63002180e+00
1.61253756e-03
9.73006773e-02
4.10731574e-01
2.95719066e-01
2.45231510e-01
3.02814991e-01
1.70071515e-01
1.21040881e-01
7.98832847e+00
1.42922514e+01
2.05131090e+01
1.04665157e+00
1.15894920e+00
1.79660363e+00
1.31498687e-03
8.94113393e-02
3.85238202e-01
2.84252030e-01
2.52898661e-01
2.98324496e-01
1.63213029e-01
1.16195986e-01
7.95557568e+00
1.42256051e+01
2.04689892e+01
1.19193819e+00
1.17315313e+00
1.52021667e+00
3.89589707e-03
4.87090615e-02
3.99013619e-01
2.87895000e-01
2.54296538e-01
2.90763110e-01
1.56171087e-01
1.10797833e-01
7.89056723e+00
1.42659695e+01
2.05043901e+01
1.00326583e+00
1.04090570e+00
1.24213861e+00
2.71997716e-03
8.16693095e-02
3.86937456e-01
2.83836544e-01
2.60584851e-01
2.91436894e-01
1.60401244e-01
1.22058520e-01
7.89943651e+00
1.42229479e+01
2.06972101e+01
1.10916571e+00
1.26296616e+00
1.45316238e+00
3.33491498e-03
6.14499220e-02
3.96586972e-01
2.84269438e-01
2.68700952e-01
3.28476356e-01
1.69005223e-01
1.21873407e-01
7.89109092e+00
1.42678354e+01
2.04976039e+01
1.18689569e+00
1.13701774e+00
1.08173650e+00
6.06678818e-03
1.41385733e-02
3.87437369e-01
2.80632467e-01
2.49590152e-01
3.03033046e-01
1.60523667e-01
1.07134616e-01
7.88254432e+00
1.42122075e+01
2.06338733e+01
1.15357658e+00
1.10590580e+00
1.18331341e+00
4.44168155e-03
4.37227885e-02
3.96048866e-01
2.67704626e-01
2.38940711e-01
3.03428184e-01
1.46635984e-01
1.04718889e-01
7.90919865e+00
1.42647259e+01
2.06581288e+01
1.11068543e+00
1.11418656e+00
1.40667658e+00
3.18655523e-03
6.17857787e-02
4.10477226e-01
2.80957991e-01
2.45103983e-01
3.35490235e-01
1.67647560e-01
1.10114521e-01
7.87742272e+00
1.42644421e+01
2.06210318e+01
1.22116101e+00
1.20946082e+00
1.28661658e+00
4.55186689e-03
3.22154892e-02
4.01358067e-01
3.08935424e-01
2.39250405e-01
3.33698535e-01
1.97620702e-01
1.03503791e-01
7.87317051e+00
1.42393000e+01
2.06045392e+01
1.31006110e+00
1.18964501e+00
1.45446133e+00
5.17795097e-03
1.88909756e-02
3.80840539e-01
2.98152053e-01
2.45741820e-01
3.05396896e-01
1.86098503e-01
1.14691277e-01
7.88076064e+00
1.42002811e+01
2.05001886e+01
1.33355886e+00
1.23690909e+00
1.33897002e+00
4.23709573e-03
3.39089738e-02
3.81166280e-01
3.07983158e-01
2.25522772e-01
2.98096296e-01
1.93100008e-01
9.82093223e-02
7.88020602e+00
1.41636590e+01
2.03776266e+01
1.29676077e+00
1.20919569e+00
1.70103826e+00
3.41711298e-03
4.74602545e-02
3.97288891e-01
3.13483614e-01
2.32056991e-01
2.94126354e-01
1.92441124e-01
1.13019541e-01
7.88286638e+00
1.42755507e+01
2.04345445e+01
1.12963962e+00
1.25256174e+00
2.00811522e+00
1.25911675e-03
8.33015289e-02
3.94704447e-01
3.13074593e-01
2.19323435e-01
2.93173821e-01
1.92408251e-01
1.05324401e-01
7.88097140e+00
1.42269039e+01
2.02116597e+01
1.13971540e+00
1.19031738e+00
2.29352116e+00
1.03196283e-03
8.33363110e-02
3.68921073e-01
2.95899506e-01
2.28225312e-01
2.77210081e-01
1.81700370e-01
1.01734732e-01
7.89670310e+00
1.42596664e+01
2.03599333e+01
1.13747882e+00
1.30987651e+00
1.48916143e+00
2.67188413e-03
6.17928691e-02
3.95001641e-01
2.76130681e-01
2.11988048e-01
3.21074985e-01
1.69758123e-01
8.83722026e-02
7.87700831e+00
1.43298065e+01
2.04286129e+01
1.26220201e+00
1.49765295e+00
1.74948025e+00
3.75899343e-03
3.39558676e-02
3.93439352e-01
2.94300343e-01
2.24807558e-01
2.90272838e-01
1.66850473e-01
8.16009245e-02
7.89197780e+00
1.42092004e+01
2.04532807e+01
1.02989863e+00
1.14984502e+00
1.31323397e+00
3.09379807e-03
7.25175323e-02
3.68882045e-01
2.99656117e-01
2.24498474e-01
2.79707089e-01
1.77998266e-01
8.53613031e-02
7.84710367e+00
1.42589123e+01
2.03362091e+01
1.23967816e+00
1.15984602e+00
1.46242121e+00
3.82511667e-03
5.23643693e-02
3.69980178e-01
2.90971542e-01
2.04336074e-01
2.86325244e-01
1.86433962e-01
9.89599839e-02
7.96403390e+00
1.42451445e+01
2.03406443e+01
1.22805347e+00
1.45114352e+00
2.26930748e+00
1.74487393e-03
5.70930837e-02
3.84533352e-01
2.94230016e-01
1.95971611e-01
2.71391864e-01
1.75860836e-01
8.29961173e-02
7.91691325e+00
1.43076395e+01
2.02175419e+01
9.67040113e-01
1.21957264e+00
1.89385127e+00
-7.43771551e-05
1.05629033e-01
3.16443963e-01
2.74279758e-01
1.88239721e-01
2.29561691e-01
1.68451248e-01
7.53097910e-02
7.89478356e+00
1.43244884e+01
2.02406765e+01
1.23332709e+00
1.28934960e+00
1.77951650e+00
1.95904132e-03
6.33713268e-02
3.23112456e-01
2.66616220e-01
1.86023274e-01
2.69374045e-01
1.79347731e-01
8.93325050e-02
7.88009832e+00
1.43839453e+01
2.02021942e+01
1.44804370e+00
1.54795314e+00
2.32756927e+00
3.25592295e-03
1.53889478e-02
3.31956977e-01
2.74682577e-01
1.94998722e-01
2.20523085e-01
1.60925826e-01
8.81326565e-02
7.83932893e+00
1.43314573e+01
2.04179148e+01
9.76033763e-01
1.12161271e+00
1.67672041e+00
-3.95141676e-04
1.08328805e-01
3.13161400e-01
2.52728947e-01
2.06673405e-01
2.24113216e-01
1.46363602e-01
9.18694434e-02
7.81601895e+00
1.44266316e+01
2.04525893e+01
1.18315187e+00
1.27469266e+00
1.31142628e+00
1.88067546e-03
6.81229302e-02
3.11795783e-01
2.30686254e-01
1.80460820e-01
2.14183398e-01
1.24292251e-01
7.19513131e-02
7.81034620e+00
1.44888723e+01
2.05308747e+01
1.05970057e+00
1.25578307e+00
-1.40826342e+00
7.38152641e-04
8.67315245e-02
2.93337590e-01
2.07551521e-01
1.72439712e-01
2.17528915e-01
1.14882265e-01
6.94547286e-02
7.78869416e+00
1.43501846e+01
2.05014230e+01
1.20931499e+00
1.43301600e+00
1.20775382e+00
1.97935566e-03
5.45406620e-02
2.84112841e-01
2.04726955e-01
1.68486615e-01
2.05792809e-01
1.08481087e-01
6.50671524e-02
7.81939317e+00
1.45071174e+01
2.06665922e+01
1.28174566e+00
1.23887101e+00
-1.32398427e+00
1.80087672e-03
5.99553600e-02
2.78187095e-01
2.01823909e-01
1.42880535e-01
1.46095486e-01
1.25404467e-01
3.23476983e-01
7.89275555e+00
1.44069908e+01
2.20175600e+01
8.76500677e-01
1.35615908e+00
5.64414654e+00
-1.89283814e-02
2.31740474e-01
2.79928522e-01
2.13506270e-01
1.85286524e-01
2.04389758e-01
1.20685663e-01
8.53664122e-02
7.82025733e+00
1.44511948e+01
2.04603755e+01
1.29515445e+00
1.34241652e+00
-1.29415659e+00
1.75302113e-03
5.61925471e-02
